   1720 0.00010290
   1284 0.00009588
    914 0.00009240
    766 0.00012320
    748 0.00010780
    722 0.00008820
    602 0.00010010
    508 0.00011760
    484 0.00009555
    436 0.00013090
    412 0.00013860
    348 0.00010117
    326 0.00010125
    320 0.00011840
    300 0.00009702
    290 0.00013230
    276 0.00007700
    274 0.00011550
    260 0.00012580
    246 0.00006177
    244 0.00010164
    230 0.00009620
    220 0.00011025
    214 0.00008880
    180 0.00010570
    162 0.00009548
    156 0.00012628
    156 0.00010200
    152 0.00012474
    148 0.00006795
    146 0.00010360
    146 0.00007350
    142 0.00013320
    142 0.00010934
    140 0.00008305
    136 0.00007550
    134 0.00009661
    134 0.00009114
    134 0.00008967
    132 0.00007280
    130 0.00009394
    128 0.00150000
    128 0.00009330
    126 0.00006163
    122 0.00012136
    114 0.00011100
    110 0.00011700
    110 0.00011040
    110 0.00008958
    108 0.00003775
    106 0.00012495
    106 0.00009966
    106 0.00009815
    106 0.00008808
    102 0.00010626
     98 0.00009060
     96 0.00009768
     94 0.00010212
     92 0.00013552
     92 0.00009261
     88 0.00008679
     88 0.00005650
     86 0.00010472
     80 0.00011988
     78 0.00012936
     78 0.00005000
     76 0.00006000
     72 0.00009513
     72 0.00009000
     72 0.00007050
     70 0.00009362
     70 0.00007200
     68 0.00010064
     66 0.00010508
     64 0.00013244
     64 0.00010488
     62 0.00013590
     58 0.00012080
     58 0.00010000
     58 0.00009452
     58 0.00008998
     58 0.00007248
     58 0.00005500
     58 0.00005285
     56 0.00009324
     56 0.00007100
     54 0.00005550
     52 0.00008470
     50 0.00008085
     50 0.00007770
     50 0.00007000
     48 0.00013024
     48 0.00011248
     48 0.00006660
     46 0.00016560
     46 0.00011023
     46 0.00008909
     46 0.00008805
     46 0.00008058
     46 0.00007500
     44 0.00011088
     44 0.00008792
     44 0.00008456
     44 0.00007966
     44 0.00007650
     42 0.00011300
     42 0.00010263
     42 0.00009996
     42 0.00008054
     42 0.00007600
     40 0.00015000
     40 0.00014168
     40 0.00011704
     40 0.00009211
     40 0.00008204
     40 0.00006874
     38 0.00015400
     38 0.00014014
     38 0.00012642
     38 0.00011242
     38 0.00010220
     38 0.00009145
     38 0.00008555
     38 0.00007325
     38 0.00006885
     36 0.00012054
     36 0.00009880
     36 0.00009730
     36 0.00009490
     36 0.00008460
     36 0.00006342
     36 0.00006105
     34 0.00012780
     34 0.00010178
     34 0.00009282
     34 0.00009175
     34 0.00008541
     34 0.00007775
     34 0.00006327
     34 0.00006255
     32 0.00010318
     32 0.00009424
     32 0.00008351
     32 0.00008154
     32 0.00007765
     32 0.00007338
     32 0.00006160
     32 0.00004620
     30 0.00034020
     30 0.00015117
     30 0.00012986
     30 0.00012782
     30 0.00011466
     30 0.00009600
     30 0.00008700
     30 0.00008497
     30 0.00008400
     30 0.00006860
     30 0.00006438
     30 0.00005661
     28 0.00023634
     28 0.00017688
     28 0.00012728
     28 0.00010584
     28 0.00008932
     28 0.00008758
     28 0.00008607
     28 0.00007618
     28 0.00007400
     28 0.00006946
     28 0.00005994
     26 0.01303969
     26 0.00011907
     26 0.00011325
     26 0.00011241
     26 0.00010292
     26 0.00009940
     26 0.00009916
     26 0.00009176
     26 0.00009019
     26 0.00008790
     26 0.00007472
     26 0.00006426
     26 0.00006191
     26 0.00005772
     26 0.00004794
     24 0.00020700
     24 0.00013616
     24 0.00013524
     24 0.00013468
     24 0.00013377
     24 0.00011858
     24 0.00011200
     24 0.00010437
     24 0.00010143
     24 0.00010050
     24 0.00009870
     24 0.00009408
     24 0.00007911
     24 0.00007538
     24 0.00005760
     24 0.00005049
     22 0.00014700
     22 0.00014630
     22 0.00012231
     22 0.00012201
     22 0.00012012
     22 0.00010500
     22 0.00010425
     22 0.00009648
     22 0.00008526
     22 0.00007392
     22 0.00006549
     22 0.00006216
     22 0.00005544
     20 0.00035000
     20 0.00015660
     20 0.00012835
     20 0.00012450
     20 0.00010650
     20 0.00010560
     20 0.00010395
     20 0.00010273
     20 0.00008673
     20 0.00008568
     20 0.00008100
     20 0.00007688
     20 0.00007511
     20 0.00007395
     20 0.00006842
     20 0.00006531
     20 0.00006300
     20 0.00005883
     20 0.00005876
     20 0.00005580
     20 0.00004520
     18 0.00014043
     18 0.00012410
     18 0.00012382
     18 0.00011634
     18 0.00011172
     18 0.00010108
     18 0.00009864
     18 0.00009809
     18 0.00009163
     18 0.00009050
     18 0.00008680
     18 0.00008644
     18 0.00007852
     18 0.00007380
     18 0.00006909
     18 0.00005967
     18 0.00005814
     18 0.00005610
     18 0.00004928
     18 0.00004865
     18 0.00004200
     16 0.00016966
     16 0.00012924
     16 0.00012284
     16 0.00011520
     16 0.00011400
     16 0.00010731
     16 0.00010496
     16 0.00010419
     16 0.00009250
     16 0.00009150
     16 0.00008900
     16 0.00008874
     16 0.00008850
     16 0.00008316
     16 0.00007701
     16 0.00007592
     16 0.00007150
     16 0.00006881
     16 0.00006468
     16 0.00006220
     16 0.00005909
     16 0.00005600
     16 0.00004896
     16 0.00003978
     14 0.00120000
     14 0.00017391
     14 0.00017272
     14 0.00016404
     14 0.00015190
     14 0.00014868
     14 0.00014608
     14 0.00014322
     14 0.00013965
     14 0.00013741
     14 0.00012702
     14 0.00012533
     14 0.00012300
     14 0.00011895
     14 0.00011627
     14 0.00011476
     14 0.00011475
     14 0.00011352
     14 0.00011167
     14 0.00010877
     14 0.00010804
     14 0.00010797
     14 0.00010574
     14 0.00009952
     14 0.00009850
     14 0.00009840
     14 0.00009797
     14 0.00009486
     14 0.00009450
     14 0.00009246
     14 0.00008816
     14 0.00008391
     14 0.00007800
     14 0.00007680
     14 0.00007560
     14 0.00007464
     14 0.00007332
     14 0.00007156
     14 0.00007075
     14 0.00006975
     14 0.00006900
     14 0.00006834
     14 0.00006750
     14 0.00005390
     12 0.00050000
     12 0.00047250
     12 0.00038700
     12 0.00029862
     12 0.00029700
     12 0.00018700
     12 0.00018480
     12 0.00016704
     12 0.00015850
     12 0.00015659
     12 0.00013764
     12 0.00011534
     12 0.00011150
     12 0.00010730
     12 0.00010710
     12 0.00010640
     12 0.00010564
     12 0.00010492
     12 0.00010450
     12 0.00009900
     12 0.00009672
     12 0.00009539
     12 0.00008950
     12 0.00008821
     12 0.00008751
     12 0.00008721
     12 0.00008703
     12 0.00008262
     12 0.00008232
     12 0.00007638
     12 0.00007153
     12 0.00006930
     12 0.00006876
     12 0.00006376
     12 0.00006273
     12 0.00006030
     12 0.00005699
     12 0.00005355
     12 0.00005200
     12 0.00004590
     12 0.00004540
     12 0.00004230
     12 0.00003690
     10 0.01303949
     10 0.00041580
     10 0.00039690
     10 0.00038556
     10 0.00025950
     10 0.00017640
     10 0.00017000
     10 0.00015708
     10 0.00014800
     10 0.00014210
     10 0.00014025
     10 0.00013937
     10 0.00013850
     10 0.00013706
     10 0.00013288
     10 0.00012880
     10 0.00012540
     10 0.00012411
     10 0.00011396
     10 0.00011291
     10 0.00011055
     10 0.00011020
     10 0.00010885
     10 0.00010080
     10 0.00009945
     10 0.00009849
     10 0.00009834
     10 0.00009639
     10 0.00009300
     10 0.00009133
     10 0.00009120
     10 0.00009086
     10 0.00009047
     10 0.00009031
     10 0.00008624
     10 0.00008553
     10 0.00008360
     10 0.00008208
     10 0.00008040
     10 0.00007952
     10 0.00007880
     10 0.00007840
     10 0.00007728
     10 0.00007446
     10 0.00007360
     10 0.00007309
     10 0.00007250
     10 0.00007215
     10 0.00006810
     10 0.00006780
     10 0.00006768
     10 0.00006762
     10 0.00006672
     10 0.00006644
     10 0.00006615
     10 0.00006458
     10 0.00006174
     10 0.00006027
     10 0.00005698
     10 0.00005443
     10 0.00005400
     10 0.00005236
     10 0.00003624
      8 0.00341412
      8 0.00104370
      8 0.00046149
      8 0.00030171
      8 0.00026050
      8 0.00024950
      8 0.00020790
      8 0.00020020
      8 0.00020000
      8 0.00018550
      8 0.00018400
      8 0.00018060
      8 0.00017500
      8 0.00017430
      8 0.00017413
      8 0.00017340
      8 0.00017051
      8 0.00016940
      8 0.00016850
      8 0.00016830
      8 0.00016796
      8 0.00016524
      8 0.00016500
      8 0.00016461
      8 0.00016284
      8 0.00016184
      8 0.00016116
      8 0.00015657
      8 0.00015630
      8 0.00015444
      8 0.00015200
      8 0.00014809
      8 0.00014691
      8 0.00014640
      8 0.00014348
      8 0.00014219
      8 0.00014181
      8 0.00014100
      8 0.00013892
      8 0.00013709
      8 0.00013560
      8 0.00013547
      8 0.00013520
      8 0.00013396
      8 0.00013254
      8 0.00012627
      8 0.00012543
      8 0.00012000
      8 0.00011929
      8 0.00011778
      8 0.00011692
      8 0.00011552
      8 0.00011426
      8 0.00011319
      8 0.00011163
      8 0.00011016
      8 0.00011000
      8 0.00010872
      8 0.00010863
      8 0.00010856
      8 0.00010835
      8 0.00010787
      8 0.00010778
      8 0.00010738
      8 0.00010722
      8 0.00010600
      8 0.00010575
      8 0.00010550
      8 0.00010416
      8 0.00010255
      8 0.00009928
      8 0.00009792
      8 0.00009641
      8 0.00009561
      8 0.00009387
      8 0.00009338
      8 0.00009228
      8 0.00009216
      8 0.00009200
      8 0.00009180
      8 0.00008918
      8 0.00008802
      8 0.00008760
      8 0.00008636
      8 0.00008603
      8 0.00008512
      8 0.00008370
      8 0.00008231
      8 0.00008075
      8 0.00008000
      8 0.00007956
      8 0.00007955
      8 0.00007950
      8 0.00007910
      8 0.00007590
      8 0.00007403
      8 0.00007320
      8 0.00007300
      8 0.00007236
      8 0.00007104
      8 0.00007084
      8 0.00007073
      8 0.00007040
      8 0.00007020
      8 0.00007008
      8 0.00006998
      8 0.00006956
      8 0.00006952
      8 0.00006936
      8 0.00006918
      8 0.00006800
      8 0.00006760
      8 0.00006708
      8 0.00006624
      8 0.00006600
      8 0.00006532
      8 0.00006528
      8 0.00006250
      8 0.00006243
      8 0.00006063
      8 0.00006006
      8 0.00005966
      8 0.00005922
      8 0.00005733
      8 0.00005280
      8 0.00005250
      8 0.00005217
      8 0.00005202
      8 0.00005085
      8 0.00004816
      8 0.00004681
      8 0.00003822
      6 0.01274880
      6 0.01000000
      6 0.00091440
      6 0.00074295
      6 0.00057150
      6 0.00051950
      6 0.00044132
      6 0.00040015
      6 0.00036450
      6 0.00036100
      6 0.00031752
      6 0.00029940
      6 0.00027850
      6 0.00025000
      6 0.00024571
      6 0.00023760
      6 0.00023603
      6 0.00023400
      6 0.00021593
      6 0.00020340
      6 0.00019698
      6 0.00019250
      6 0.00019150
      6 0.00019040
      6 0.00018876
      6 0.00018620
      6 0.00018414
      6 0.00018300
      6 0.00018200
      6 0.00017990
      6 0.00017892
      6 0.00017850
      6 0.00017710
      6 0.00017670
      6 0.00017360
      6 0.00017280
      6 0.00017160
      6 0.00017034
      6 0.00016935
      6 0.00016715
      6 0.00016698
      6 0.00016638
      6 0.00016192
      6 0.00016168
      6 0.00016120
      6 0.00016080
      6 0.00016000
      6 0.00015658
      6 0.00015504
      6 0.00015433
      6 0.00015352
      6 0.00015102
      6 0.00015092
      6 0.00015045
      6 0.00014957
      6 0.00014898
      6 0.00014880
      6 0.00014776
      6 0.00014770
      6 0.00014756
      6 0.00014647
      6 0.00014194
      6 0.00013950
      6 0.00013818
      6 0.00013790
      6 0.00013527
      6 0.00013439
      6 0.00013311
      6 0.00013257
      6 0.00013253
      6 0.00012997
      6 0.00012934
      6 0.00012810
      6 0.00012805
      6 0.00012795
      6 0.00012690
      6 0.00012555
      6 0.00012529
      6 0.00012440
      6 0.00012354
      6 0.00012348
      6 0.00012227
      6 0.00012141
      6 0.00012078
      6 0.00011680
      6 0.00011663
      6 0.00011544
      6 0.00011394
      6 0.00011280
      6 0.00011250
      6 0.00011152
      6 0.00011113
      6 0.00011041
      6 0.00010980
      6 0.00010952
      6 0.00010860
      6 0.00010800
      6 0.00010773
      6 0.00010672
      6 0.00010664
      6 0.00010656
      6 0.00010614
      6 0.00010440
      6 0.00010430
      6 0.00010281
      6 0.00010251
      6 0.00010208
      6 0.00010202
      6 0.00010192
      6 0.00010132
      6 0.00010120
      6 0.00010100
      6 0.00009932
      6 0.00009783
      6 0.00009760
      6 0.00009685
      6 0.00009636
      6 0.00009591
      6 0.00009550
      6 0.00009514
      6 0.00009504
      6 0.00009447
      6 0.00009434
      6 0.00009425
      6 0.00009386
      6 0.00009358
      6 0.00009179
      6 0.00009108
      6 0.00008975
      6 0.00008940
      6 0.00008937
      6 0.00008910
      6 0.00008883
      6 0.00008710
      6 0.00008694
      6 0.00008600
      6 0.00008550
      6 0.00008540
      6 0.00008520
      6 0.00008457
      6 0.00008442
      6 0.00008325
      6 0.00008280
      6 0.00008278
      6 0.00008222
      6 0.00008162
      6 0.00008160
      6 0.00008107
      6 0.00008077
      6 0.00007967
      6 0.00007931
      6 0.00007854
      6 0.00007810
      6 0.00007722
      6 0.00007699
      6 0.00007659
      6 0.00007581
      6 0.00007548
      6 0.00007497
      6 0.00007399
      6 0.00007344
      6 0.00007209
      6 0.00007140
      6 0.00007089
      6 0.00007080
      6 0.00006950
      6 0.00006808
      6 0.00006776
      6 0.00006765
      6 0.00006732
      6 0.00006699
      6 0.00006650
      6 0.00006580
      6 0.00006533
      6 0.00006493
      6 0.00006486
      6 0.00006302
      6 0.00006232
      6 0.00006188
      6 0.00006138
      6 0.00006020
      6 0.00005986
      6 0.00005918
      6 0.00005891
      6 0.00005747
      6 0.00005684
      6 0.00005643
      6 0.00005625
      6 0.00005535
      6 0.00005520
      6 0.00005311
      6 0.00005100
      6 0.00005082
      6 0.00005040
      6 0.00004950
      6 0.00004925
      6 0.00004704
      6 0.00004665
      6 0.00004633
      6 0.00004613
      6 0.00004584
      6 0.00004530
      6 0.00004480
      6 0.00004472
      6 0.00004004
      6 0.00003880
      6 0.00003825
      6 0.00003808
      6 0.00003696
      4 0.01328880
      4 0.01268880
      4 0.00267540
      4 0.00197400
      4 0.00158319
      4 0.00102711
      4 0.00080000
      4 0.00075991
      4 0.00075920
      4 0.00070000
      4 0.00064000
      4 0.00058842
      4 0.00052033
      4 0.00051435
      4 0.00047700
      4 0.00047412
      4 0.00040504
      4 0.00040000
      4 0.00039480
      4 0.00038920
      4 0.00038632
      4 0.00037250
      4 0.00036300
      4 0.00034930
      4 0.00034839
      4 0.00034080
      4 0.00033900
      4 0.00033794
      4 0.00033100
      4 0.00032460
      4 0.00032435
      4 0.00031920
      4 0.00031379
      4 0.00030297
      4 0.00030213
      4 0.00029300
      4 0.00029106
      4 0.00028543
      4 0.00028350
      4 0.00027445
      4 0.00027050
      4 0.00026447
      4 0.00026000
      4 0.00025755
      4 0.00025163
      4 0.00024589
      4 0.00023460
      4 0.00023048
      4 0.00022860
      4 0.00022500
      4 0.00021900
      4 0.00020680
      4 0.00020540
      4 0.00020294
      4 0.00020128
      4 0.00019992
      4 0.00019856
      4 0.00019800
      4 0.00019450
      4 0.00019272
      4 0.00019028
      4 0.00019008
      4 0.00018850
      4 0.00018849
      4 0.00018828
      4 0.00018800
      4 0.00018618
      4 0.00018612
      4 0.00018600
      4 0.00018590
      4 0.00018468
      4 0.00018216
      4 0.00018130
      4 0.00018048
      4 0.00018000
      4 0.00017821
      4 0.00017780
      4 0.00017731
      4 0.00017697
      4 0.00017595
      4 0.00017582
      4 0.00017580
      4 0.00017484
      4 0.00017476
      4 0.00017459
      4 0.00017450
      4 0.00017405
      4 0.00017374
      4 0.00017289
      4 0.00017255
      4 0.00017238
      4 0.00017236
      4 0.00017220
      4 0.00017152
      4 0.00017094
      4 0.00017085
      4 0.00017080
      4 0.00017068
      4 0.00016994
      4 0.00016983
      4 0.00016980
      4 0.00016960
      4 0.00016958
      4 0.00016900
      4 0.00016864
      4 0.00016800
      4 0.00016734
      4 0.00016700
      4 0.00016680
      4 0.00016583
      4 0.00016549
      4 0.00016533
      4 0.00016458
      4 0.00016452
      4 0.00016448
      4 0.00016384
      4 0.00016376
      4 0.00016368
      4 0.00016320
      4 0.00016256
      4 0.00016230
      4 0.00016182
      4 0.00016170
      4 0.00016038
      4 0.00016020
      4 0.00015972
      4 0.00015921
      4 0.00015909
      4 0.00015900
      4 0.00015865
      4 0.00015860
      4 0.00015845
      4 0.00015812
      4 0.00015745
      4 0.00015700
      4 0.00015661
      4 0.00015614
      4 0.00015610
      4 0.00015606
      4 0.00015555
      4 0.00015312
      4 0.00015296
      4 0.00015189
      4 0.00015128
      4 0.00015104
      4 0.00015100
      4 0.00015073
      4 0.00015016
      4 0.00014986
      4 0.00014969
      4 0.00014942
      4 0.00014941
      4 0.00014883
      4 0.00014861
      4 0.00014854
      4 0.00014819
      4 0.00014784
      4 0.00014690
      4 0.00014662
      4 0.00014616
      4 0.00014587
      4 0.00014556
      4 0.00014544
      4 0.00014523
      4 0.00014514
      4 0.00014421
      4 0.00014406
      4 0.00014395
      4 0.00014370
      4 0.00014345
      4 0.00014312
      4 0.00014278
      4 0.00014218
      4 0.00014167
      4 0.00014136
      4 0.00014123
      4 0.00014085
      4 0.00014016
      4 0.00013986
      4 0.00013970
      4 0.00013920
      4 0.00013906
      4 0.00013877
      4 0.00013870
      4 0.00013725
      4 0.00013680
      4 0.00013671
      4 0.00013630
      4 0.00013593
      4 0.00013585
      4 0.00013542
      4 0.00013464
      4 0.00013419
      4 0.00013416
      4 0.00013413
      4 0.00013370
      4 0.00013216
      4 0.00013172
      4 0.00013098
      4 0.00013056
      4 0.00013002
      4 0.00012984
      4 0.00012922
      4 0.00012920
      4 0.00012762
      4 0.00012726
      4 0.00012567
      4 0.00012512
      4 0.00012500
      4 0.00012485
      4 0.00012475
      4 0.00012432
      4 0.00012400
      4 0.00012390
      4 0.00012238
      4 0.00012232
      4 0.00012025
      4 0.00012019
      4 0.00011976
      4 0.00011974
      4 0.00011946
      4 0.00011928
      4 0.00011868
      4 0.00011856
      4 0.00011820
      4 0.00011819
      4 0.00011780
      4 0.00011750
      4 0.00011715
      4 0.00011712
      4 0.00011682
      4 0.00011628
      4 0.00011623
      4 0.00011605
      4 0.00011592
      4 0.00011567
      4 0.00011529
      4 0.00011526
      4 0.00011500
      4 0.00011488
      4 0.00011447
      4 0.00011421
      4 0.00011346
      4 0.00011264
      4 0.00011254
      4 0.00011224
      4 0.00011218
      4 0.00011174
      4 0.00011045
      4 0.00011037
      4 0.00010944
      4 0.00010917
      4 0.00010901
      4 0.00010668
      4 0.00010622
      4 0.00010434
      4 0.00010350
      4 0.00010335
      4 0.00010320
      4 0.00010302
      4 0.00010260
      4 0.00010224
      4 0.00010176
      4 0.00010175
      4 0.00010044
      4 0.00009984
      4 0.00009976
      4 0.00009923
      4 0.00009860
      4 0.00009856
      4 0.00009824
      4 0.00009690
      4 0.00009687
      4 0.00009656
      4 0.00009653
      4 0.00009643
      4 0.00009585
      4 0.00009571
      4 0.00009568
      4 0.00009540
      4 0.00009523
      4 0.00009520
      4 0.00009500
      4 0.00009464
      4 0.00009435
      4 0.00009396
      4 0.00009357
      4 0.00009335
      4 0.00009306
      4 0.00009271
      4 0.00009266
      4 0.00009168
      4 0.00009165
      4 0.00009100
      4 0.00008990
      4 0.00008976
      4 0.00008960
      4 0.00008867
      4 0.00008864
      4 0.00008778
      4 0.00008742
      4 0.00008708
      4 0.00008662
      4 0.00008647
      4 0.00008642
      4 0.00008640
      4 0.00008500
      4 0.00008464
      4 0.00008448
      4 0.00008421
      4 0.00008415
      4 0.00008402
      4 0.00008375
      4 0.00008344
      4 0.00008341
      4 0.00008319
      4 0.00008303
      4 0.00008298
      4 0.00008260
      4 0.00008242
      4 0.00008225
      4 0.00008201
      4 0.00008200
      4 0.00008195
      4 0.00008120
      4 0.00008084
      4 0.00008072
      4 0.00008064
      4 0.00008052
      4 0.00008008
      4 0.00008003
      4 0.00007803
      4 0.00007763
      4 0.00007752
      4 0.00007709
      4 0.00007692
      4 0.00007686
      4 0.00007660
      4 0.00007644
      4 0.00007602
      4 0.00007595
      4 0.00007546
      4 0.00007534
      4 0.00007526
      4 0.00007514
      4 0.00007503
      4 0.00007462
      4 0.00007450
      4 0.00007433
      4 0.00007358
      4 0.00007301
      4 0.00007296
      4 0.00007282
      4 0.00007238
      4 0.00007230
      4 0.00007212
      4 0.00007203
      4 0.00007160
      4 0.00007152
      4 0.00007148
      4 0.00007130
      4 0.00007111
      4 0.00007098
      4 0.00007056
      4 0.00007052
      4 0.00007035
      4 0.00006992
      4 0.00006988
      4 0.00006862
      4 0.00006850
      4 0.00006820
      4 0.00006816
      4 0.00006813
      4 0.00006787
      4 0.00006753
      4 0.00006670
      4 0.00006604
      4 0.00006572
      4 0.00006570
      4 0.00006552
      4 0.00006510
      4 0.00006500
      4 0.00006498
      4 0.00006480
      4 0.00006479
      4 0.00006466
      4 0.00006460
      4 0.00006451
      4 0.00006439
      4 0.00006380
      4 0.00006355
      4 0.00006345
      4 0.00006244
      4 0.00006150
      4 0.00006120
      4 0.00006116
      4 0.00006075
      4 0.00006050
      4 0.00006049
      4 0.00006001
      4 0.00005997
      4 0.00005992
      4 0.00005950
      4 0.00005945
      4 0.00005940
      4 0.00005936
      4 0.00005856
      4 0.00005843
      4 0.00005822
      4 0.00005734
      4 0.00005723
      4 0.00005700
      4 0.00005670
      4 0.00005640
      4 0.00005628
      4 0.00005598
      4 0.00005584
      4 0.00005499
      4 0.00005490
      4 0.00005424
      4 0.00005408
      4 0.00005389
      4 0.00005304
      4 0.00005287
      4 0.00005228
      4 0.00005206
      4 0.00005204
      4 0.00005160
      4 0.00005076
      4 0.00005026
      4 0.00004999
      4 0.00004976
      4 0.00004970
      4 0.00004935
      4 0.00004906
      4 0.00004758
      4 0.00004592
      4 0.00004437
      4 0.00004420
      4 0.00004325
      4 0.00004260
      4 0.00004131
      4 0.00003844
      4 0.00003807
      4 0.00003610
      4 0.00003577
      4 0.00003390
      4 0.00003300
      4 0.00003224
      4 0.00003110
      4 0.00002880
      2 0.06446352
      2 0.06266577
      2 0.04841220
      2 0.04352100
      2 0.04222943
      2 0.02802558
      2 0.02158238
      2 0.02145044
      2 0.02049150
      2 0.01686889
      2 0.01606849
      2 0.01596530
      2 0.01477718
      2 0.01430000
      2 0.01427600
      2 0.01418000
      2 0.01381920
      2 0.01346880
      2 0.01340880
      2 0.01322880
      2 0.01318790
      2 0.01303800
      2 0.01297800
      2 0.01280880
      2 0.01271537
      2 0.01256880
      2 0.01172921
      2 0.01099329
      2 0.01051869
      2 0.01026240
      2 0.00924594
      2 0.00917238
      2 0.00831148
      2 0.00820550
      2 0.00817257
      2 0.00812700
      2 0.00786255
      2 0.00775450
      2 0.00772091
      2 0.00717450
      2 0.00707200
      2 0.00700400
      2 0.00683387
      2 0.00669890
      2 0.00587750
      2 0.00586872
      2 0.00576715
      2 0.00561656
      2 0.00537810
      2 0.00531720
      2 0.00485427
      2 0.00483280
      2 0.00479950
      2 0.00477780
      2 0.00471159
      2 0.00469044
      2 0.00468790
      2 0.00450689
      2 0.00447020
      2 0.00441504
      2 0.00433800
      2 0.00430654
      2 0.00421302
      2 0.00411290
      2 0.00410100
      2 0.00401400
      2 0.00381594
      2 0.00376681
      2 0.00374809
      2 0.00350848
      2 0.00348850
      2 0.00343578
      2 0.00335000
      2 0.00332514
      2 0.00315220
      2 0.00306305
      2 0.00301633
      2 0.00300886
      2 0.00299975
      2 0.00297679
      2 0.00296800
      2 0.00296704
      2 0.00294590
      2 0.00293756
      2 0.00293084
      2 0.00292737
      2 0.00290300
      2 0.00289120
      2 0.00283601
      2 0.00277583
      2 0.00275150
      2 0.00275108
      2 0.00272100
      2 0.00270332
      2 0.00269071
      2 0.00268600
      2 0.00268452
      2 0.00268125
      2 0.00262479
      2 0.00259478
      2 0.00256901
      2 0.00252078
      2 0.00250000
      2 0.00248118
      2 0.00243784
      2 0.00241540
      2 0.00241325
      2 0.00238700
      2 0.00235561
      2 0.00233060
      2 0.00230746
      2 0.00229100
      2 0.00227920
      2 0.00225943
      2 0.00224101
      2 0.00224079
      2 0.00224057
      2 0.00220280
      2 0.00216724
      2 0.00216648
      2 0.00214110
      2 0.00212469
      2 0.00208929
      2 0.00207984
      2 0.00207400
      2 0.00206520
      2 0.00201550
      2 0.00201429
      2 0.00201201
      2 0.00201105
      2 0.00200900
      2 0.00200000
      2 0.00198950
      2 0.00198444
      2 0.00197514
      2 0.00197075
      2 0.00196662
      2 0.00196108
      2 0.00195701
      2 0.00195077
      2 0.00195040
      2 0.00194908
      2 0.00192957
      2 0.00192001
      2 0.00189800
      2 0.00189760
      2 0.00188170
      2 0.00186774
      2 0.00186522
      2 0.00185655
      2 0.00185105
      2 0.00185096
      2 0.00183719
      2 0.00183556
      2 0.00182753
      2 0.00182160
      2 0.00181799
      2 0.00180214
      2 0.00179956
      2 0.00179396
      2 0.00179250
      2 0.00178852
      2 0.00178669
      2 0.00178650
      2 0.00178200
      2 0.00175315
      2 0.00172877
      2 0.00171784
      2 0.00170010
      2 0.00169414
      2 0.00169385
      2 0.00168347
      2 0.00166572
      2 0.00165600
      2 0.00164170
      2 0.00163500
      2 0.00162840
      2 0.00160994
      2 0.00160755
      2 0.00160629
      2 0.00159800
      2 0.00158834
      2 0.00158500
      2 0.00158257
      2 0.00157412
      2 0.00157320
      2 0.00157200
      2 0.00156850
      2 0.00156074
      2 0.00156001
      2 0.00153700
      2 0.00152827
      2 0.00152601
      2 0.00152592
      2 0.00152586
      2 0.00152041
      2 0.00152026
      2 0.00150900
      2 0.00149969
      2 0.00149668
      2 0.00148373
      2 0.00147500
      2 0.00146400
      2 0.00146040
      2 0.00145518
      2 0.00145500
      2 0.00145358
      2 0.00145150
      2 0.00145056
      2 0.00142560
      2 0.00141803
      2 0.00141375
      2 0.00141300
      2 0.00141213
      2 0.00140500
      2 0.00137700
      2 0.00137688
      2 0.00136172
      2 0.00136140
      2 0.00136039
      2 0.00134632
      2 0.00134450
      2 0.00134155
      2 0.00133393
      2 0.00131755
      2 0.00131573
      2 0.00131555
      2 0.00131350
      2 0.00131031
      2 0.00130821
      2 0.00130020
      2 0.00128137
      2 0.00127955
      2 0.00126955
      2 0.00126542
      2 0.00125800
      2 0.00125675
      2 0.00125288
      2 0.00125273
      2 0.00124803
      2 0.00123869
      2 0.00123858
      2 0.00122823
      2 0.00122301
      2 0.00122150
      2 0.00121493
      2 0.00121050
      2 0.00120990
      2 0.00120981
      2 0.00120882
      2 0.00120582
      2 0.00120566
      2 0.00119869
      2 0.00119014
      2 0.00118932
      2 0.00117792
      2 0.00116630
      2 0.00116253
      2 0.00115452
      2 0.00115084
      2 0.00114804
      2 0.00113663
      2 0.00113580
      2 0.00113050
      2 0.00112138
      2 0.00112057
      2 0.00112025
      2 0.00111555
      2 0.00111216
      2 0.00111000
      2 0.00110750
      2 0.00110604
      2 0.00110375
      2 0.00110354
      2 0.00109747
      2 0.00109558
      2 0.00109163
      2 0.00109100
      2 0.00109046
      2 0.00108472
      2 0.00108300
      2 0.00108096
      2 0.00107730
      2 0.00107367
      2 0.00107078
      2 0.00107017
      2 0.00106964
      2 0.00106133
      2 0.00106110
      2 0.00105729
      2 0.00105304
      2 0.00104802
      2 0.00104450
      2 0.00103734
      2 0.00103400
      2 0.00102910
      2 0.00101717
      2 0.00101714
      2 0.00101310
      2 0.00100672
      2 0.00100386
      2 0.00100320
      2 0.00100186
      2 0.00100000
      2 0.00098920
      2 0.00098900
      2 0.00098304
      2 0.00097359
      2 0.00096971
      2 0.00096637
      2 0.00096553
      2 0.00096426
      2 0.00095859
      2 0.00095319
      2 0.00094962
      2 0.00094796
      2 0.00094752
      2 0.00094595
      2 0.00094590
      2 0.00094350
      2 0.00094261
      2 0.00093950
      2 0.00093840
      2 0.00093816
      2 0.00093762
      2 0.00093057
      2 0.00093050
      2 0.00092852
      2 0.00091825
      2 0.00091642
      2 0.00091260
      2 0.00090553
      2 0.00090167
      2 0.00090000
      2 0.00089950
      2 0.00089105
      2 0.00088700
      2 0.00088569
      2 0.00088502
      2 0.00088501
      2 0.00088200
      2 0.00088020
      2 0.00087825
      2 0.00087765
      2 0.00087560
      2 0.00087510
      2 0.00087390
      2 0.00087380
      2 0.00087200
      2 0.00087187
      2 0.00087040
      2 0.00086548
      2 0.00085984
      2 0.00085509
      2 0.00085311
      2 0.00085150
      2 0.00085126
      2 0.00084824
      2 0.00084698
      2 0.00084640
      2 0.00084070
      2 0.00083793
      2 0.00083694
      2 0.00083600
      2 0.00083506
      2 0.00083439
      2 0.00083335
      2 0.00083295
      2 0.00083244
      2 0.00082656
      2 0.00082544
      2 0.00082391
      2 0.00081954
      2 0.00081758
      2 0.00081602
      2 0.00081420
      2 0.00081251
      2 0.00080235
      2 0.00080231
      2 0.00079379
      2 0.00078900
      2 0.00078567
      2 0.00077951
      2 0.00077895
      2 0.00077878
      2 0.00077045
      2 0.00076750
      2 0.00076002
      2 0.00075823
      2 0.00075651
      2 0.00075442
      2 0.00075438
      2 0.00075145
      2 0.00075064
      2 0.00074700
      2 0.00074623
      2 0.00074555
      2 0.00074500
      2 0.00074403
      2 0.00074200
      2 0.00074118
      2 0.00074106
      2 0.00074000
      2 0.00073899
      2 0.00073581
      2 0.00073557
      2 0.00073524
      2 0.00073500
      2 0.00072402
      2 0.00072380
      2 0.00072326
      2 0.00072077
      2 0.00071996
      2 0.00071333
      2 0.00071001
      2 0.00070983
      2 0.00070943
      2 0.00070702
      2 0.00070500
      2 0.00069934
      2 0.00069908
      2 0.00069672
      2 0.00069663
      2 0.00069657
      2 0.00069391
      2 0.00069176
      2 0.00068972
      2 0.00068797
      2 0.00068655
      2 0.00068580
      2 0.00068364
      2 0.00068240
      2 0.00068208
      2 0.00068200
      2 0.00068146
      2 0.00067941
      2 0.00067860
      2 0.00067707
      2 0.00067650
      2 0.00067332
      2 0.00066866
      2 0.00066710
      2 0.00066650
      2 0.00066451
      2 0.00066367
      2 0.00066353
      2 0.00066249
      2 0.00066160
      2 0.00066105
      2 0.00066101
      2 0.00065697
      2 0.00065534
      2 0.00065038
      2 0.00064915
      2 0.00064711
      2 0.00064570
      2 0.00064400
      2 0.00063896
      2 0.00063793
      2 0.00063730
      2 0.00063410
      2 0.00063395
      2 0.00063300
      2 0.00063100
      2 0.00062865
      2 0.00062720
      2 0.00061540
      2 0.00061256
      2 0.00060775
      2 0.00060697
      2 0.00059950
      2 0.00059740
      2 0.00059614
      2 0.00059488
      2 0.00059409
      2 0.00059400
      2 0.00059300
      2 0.00059259
      2 0.00058900
      2 0.00058840
      2 0.00058800
      2 0.00058650
      2 0.00058235
      2 0.00058083
      2 0.00057954
      2 0.00057909
      2 0.00057680
      2 0.00057460
      2 0.00057402
      2 0.00057275
      2 0.00056700
      2 0.00056684
      2 0.00056608
      2 0.00056448
      2 0.00056143
      2 0.00056044
      2 0.00055967
      2 0.00055652
      2 0.00055560
      2 0.00055201
      2 0.00054927
      2 0.00054890
      2 0.00054886
      2 0.00054835
      2 0.00054756
      2 0.00054400
      2 0.00054396
      2 0.00054340
      2 0.00054208
      2 0.00053410
      2 0.00053360
      2 0.00053340
      2 0.00053327
      2 0.00053120
      2 0.00053100
      2 0.00052990
      2 0.00052675
      2 0.00052578
      2 0.00052455
      2 0.00052264
      2 0.00052150
      2 0.00052128
      2 0.00051600
      2 0.00051592
      2 0.00051445
      2 0.00051210
      2 0.00050790
      2 0.00050680
      2 0.00050640
      2 0.00050622
      2 0.00050432
      2 0.00050214
      2 0.00049810
      2 0.00049787
      2 0.00049700
      2 0.00049662
      2 0.00049598
      2 0.00049542
      2 0.00049301
      2 0.00049103
      2 0.00049082
      2 0.00048800
      2 0.00048160
      2 0.00048080
      2 0.00047966
      2 0.00047611
      2 0.00047518
      2 0.00047450
      2 0.00047296
      2 0.00047280
      2 0.00046860
      2 0.00046600
      2 0.00046560
      2 0.00046498
      2 0.00046470
      2 0.00046345
      2 0.00046170
      2 0.00046165
      2 0.00046138
      2 0.00046128
      2 0.00046059
      2 0.00046000
      2 0.00045908
      2 0.00045630
      2 0.00045426
      2 0.00045360
      2 0.00045198
      2 0.00045120
      2 0.00044950
      2 0.00044880
      2 0.00044730
      2 0.00044689
      2 0.00044660
      2 0.00044576
      2 0.00044520
      2 0.00044233
      2 0.00044220
      2 0.00044200
      2 0.00044154
      2 0.00043920
      2 0.00043912
      2 0.00043824
      2 0.00043645
      2 0.00043600
      2 0.00043460
      2 0.00043200
      2 0.00043014
      2 0.00042914
      2 0.00042912
      2 0.00042856
      2 0.00042660
      2 0.00042480
      2 0.00042415
      2 0.00042338
      2 0.00042330
      2 0.00042028
      2 0.00041852
      2 0.00041700
      2 0.00041460
      2 0.00041250
      2 0.00041200
      2 0.00041115
      2 0.00041102
      2 0.00041080
      2 0.00041050
      2 0.00040900
      2 0.00040680
      2 0.00040348
      2 0.00040341
      2 0.00040184
      2 0.00040110
      2 0.00040093
      2 0.00039859
      2 0.00039816
      2 0.00039785
      2 0.00039729
      2 0.00039559
      2 0.00039531
      2 0.00039501
      2 0.00039423
      2 0.00039421
      2 0.00039200
      2 0.00039130
      2 0.00039116
      2 0.00039112
      2 0.00039031
      2 0.00038874
      2 0.00038808
      2 0.00038782
      2 0.00038750
      2 0.00038636
      2 0.00038412
      2 0.00038266
      2 0.00038209
      2 0.00038184
      2 0.00038016
      2 0.00037988
      2 0.00037939
      2 0.00037876
      2 0.00037814
      2 0.00037740
      2 0.00037450
      2 0.00037380
      2 0.00037350
      2 0.00037206
      2 0.00037057
      2 0.00036856
      2 0.00036840
      2 0.00036788
      2 0.00036762
      2 0.00036540
      2 0.00036531
      2 0.00036465
      2 0.00036456
      2 0.00036448
      2 0.00036432
      2 0.00036418
      2 0.00036267
      2 0.00036262
      2 0.00036250
      2 0.00036092
      2 0.00036075
      2 0.00036000
      2 0.00035926
      2 0.00035908
      2 0.00035880
      2 0.00035847
      2 0.00035721
      2 0.00035708
      2 0.00035657
      2 0.00035646
      2 0.00035613
      2 0.00035595
      2 0.00035500
      2 0.00035496
      2 0.00035400
      2 0.00035386
      2 0.00035343
      2 0.00035309
      2 0.00035283
      2 0.00035280
      2 0.00035275
      2 0.00035174
      2 0.00035153
      2 0.00035112
      2 0.00035100
      2 0.00034773
      2 0.00034752
      2 0.00034596
      2 0.00034590
      2 0.00034589
      2 0.00034584
      2 0.00034465
      2 0.00034435
      2 0.00034380
      2 0.00034272
      2 0.00034250
      2 0.00034188
      2 0.00034056
      2 0.00033955
      2 0.00033950
      2 0.00033855
      2 0.00033852
      2 0.00033800
      2 0.00033668
      2 0.00033609
      2 0.00033550
      2 0.00033500
      2 0.00033420
      2 0.00033360
      2 0.00033357
      2 0.00033350
      2 0.00033240
      2 0.00033222
      2 0.00033075
      2 0.00033072
      2 0.00033048
      2 0.00033024
      2 0.00033000
      2 0.00032985
      2 0.00032955
      2 0.00032940
      2 0.00032934
      2 0.00032880
      2 0.00032700
      2 0.00032686
      2 0.00032650
      2 0.00032640
      2 0.00032615
      2 0.00032591
      2 0.00032565
      2 0.00032544
      2 0.00032542
      2 0.00032520
      2 0.00032500
      2 0.00032422
      2 0.00032407
      2 0.00032386
      2 0.00032340
      2 0.00032332
      2 0.00032330
      2 0.00032320
      2 0.00032319
      2 0.00032208
      2 0.00032185
      2 0.00032178
      2 0.00032065
      2 0.00031990
      2 0.00031980
      2 0.00031936
      2 0.00031928
      2 0.00031875
      2 0.00031668
      2 0.00031584
      2 0.00031437
      2 0.00031365
      2 0.00031353
      2 0.00031323
      2 0.00031305
      2 0.00031253
      2 0.00031220
      2 0.00031194
      2 0.00031104
      2 0.00031076
      2 0.00030938
      2 0.00030838
      2 0.00030832
      2 0.00030700
      2 0.00030600
      2 0.00030572
      2 0.00030566
      2 0.00030420
      2 0.00030333
      2 0.00030218
      2 0.00030216
      2 0.00030132
      2 0.00029904
      2 0.00029878
      2 0.00029859
      2 0.00029820
      2 0.00029792
      2 0.00029758
      2 0.00029756
      2 0.00029718
      2 0.00029680
      2 0.00029552
      2 0.00029437
      2 0.00029406
      2 0.00029362
      2 0.00029350
      2 0.00029340
      2 0.00029250
      2 0.00029240
      2 0.00029205
      2 0.00029104
      2 0.00029101
      2 0.00029000
      2 0.00028942
      2 0.00028855
      2 0.00028776
      2 0.00028732
      2 0.00028673
      2 0.00028665
      2 0.00028644
      2 0.00028623
      2 0.00028600
      2 0.00028509
      2 0.00028443
      2 0.00028407
      2 0.00028401
      2 0.00028379
      2 0.00028373
      2 0.00028355
      2 0.00028320
      2 0.00028283
      2 0.00028266
      2 0.00028245
      2 0.00028182
      2 0.00028032
      2 0.00027999
      2 0.00027832
      2 0.00027816
      2 0.00027594
      2 0.00027588
      2 0.00027580
      2 0.00027552
      2 0.00027477
      2 0.00027470
      2 0.00027350
      2 0.00027214
      2 0.00027189
      2 0.00027117
      2 0.00027100
      2 0.00027036
      2 0.00027032
      2 0.00027010
      2 0.00027000
      2 0.00026948
      2 0.00026943
      2 0.00026924
      2 0.00026824
      2 0.00026767
      2 0.00026760
      2 0.00026712
      2 0.00026688
      2 0.00026624
      2 0.00026605
      2 0.00026600
      2 0.00026509
      2 0.00026462
      2 0.00026400
      2 0.00026336
      2 0.00026305
      2 0.00026116
      2 0.00026110
      2 0.00026100
      2 0.00026078
      2 0.00026076
      2 0.00026038
      2 0.00026016
      2 0.00026001
      2 0.00025974
      2 0.00025968
      2 0.00025956
      2 0.00025900
      2 0.00025899
      2 0.00025842
      2 0.00025806
      2 0.00025805
      2 0.00025800
      2 0.00025792
      2 0.00025783
      2 0.00025770
      2 0.00025740
      2 0.00025707
      2 0.00025705
      2 0.00025550
      2 0.00025532
      2 0.00025491
      2 0.00025452
      2 0.00025380
      2 0.00025340
      2 0.00025312
      2 0.00025300
      2 0.00025296
      2 0.00025212
      2 0.00025192
      2 0.00025116
      2 0.00025041
      2 0.00025020
      2 0.00024910
      2 0.00024904
      2 0.00024886
      2 0.00024807
      2 0.00024806
      2 0.00024735
      2 0.00024720
      2 0.00024686
      2 0.00024570
      2 0.00024508
      2 0.00024426
      2 0.00024420
      2 0.00024402
      2 0.00024390
      2 0.00024348
      2 0.00024310
      2 0.00024309
      2 0.00024273
      2 0.00024215
      2 0.00024180
      2 0.00024140
      2 0.00024112
      2 0.00024100
      2 0.00024064
      2 0.00024012
      2 0.00024000
      2 0.00023998
      2 0.00023966
      2 0.00023919
      2 0.00023874
      2 0.00023848
      2 0.00023807
      2 0.00023715
      2 0.00023647
      2 0.00023635
      2 0.00023585
      2 0.00023550
      2 0.00023534
      2 0.00023520
      2 0.00023482
      2 0.00023478
      2 0.00023445
      2 0.00023364
      2 0.00023321
      2 0.00023188
      2 0.00023166
      2 0.00023139
      2 0.00023100
      2 0.00023069
      2 0.00023067
      2 0.00023000
      2 0.00022982
      2 0.00022974
      2 0.00022940
      2 0.00022936
      2 0.00022905
      2 0.00022854
      2 0.00022850
      2 0.00022838
      2 0.00022834
      2 0.00022814
      2 0.00022763
      2 0.00022748
      2 0.00022680
      2 0.00022676
      2 0.00022673
      2 0.00022656
      2 0.00022650
      2 0.00022635
      2 0.00022625
      2 0.00022618
      2 0.00022614
      2 0.00022610
      2 0.00022587
      2 0.00022572
      2 0.00022550
      2 0.00022506
      2 0.00022494
      2 0.00022484
      2 0.00022479
      2 0.00022462
      2 0.00022419
      2 0.00022411
      2 0.00022407
      2 0.00022384
      2 0.00022377
      2 0.00022350
      2 0.00022327
      2 0.00022320
      2 0.00022300
      2 0.00022275
      2 0.00022270
      2 0.00022244
      2 0.00022240
      2 0.00022140
      2 0.00022081
      2 0.00022079
      2 0.00022006
      2 0.00022000
      2 0.00021920
      2 0.00021911
      2 0.00021886
      2 0.00021841
      2 0.00021825
      2 0.00021808
      2 0.00021700
      2 0.00021672
      2 0.00021604
      2 0.00021600
      2 0.00021534
      2 0.00021521
      2 0.00021520
      2 0.00021518
      2 0.00021509
      2 0.00021479
      2 0.00021406
      2 0.00021399
      2 0.00021377
      2 0.00021318
      2 0.00021294
      2 0.00021250
      2 0.00021249
      2 0.00021185
      2 0.00021175
      2 0.00021174
      2 0.00021100
      2 0.00021056
      2 0.00021027
      2 0.00021018
      2 0.00021016
      2 0.00020995
      2 0.00020988
      2 0.00020956
      2 0.00020947
      2 0.00020945
      2 0.00020927
      2 0.00020922
      2 0.00020900
      2 0.00020889
      2 0.00020874
      2 0.00020868
      2 0.00020856
      2 0.00020832
      2 0.00020803
      2 0.00020800
      2 0.00020760
      2 0.00020730
      2 0.00020707
      2 0.00020650
      2 0.00020647
      2 0.00020588
      2 0.00020580
      2 0.00020562
      2 0.00020510
      2 0.00020502
      2 0.00020496
      2 0.00020493
      2 0.00020476
      2 0.00020469
      2 0.00020459
      2 0.00020440
      2 0.00020426
      2 0.00020423
      2 0.00020405
      2 0.00020386
      2 0.00020367
      2 0.00020350
      2 0.00020349
      2 0.00020335
      2 0.00020330
      2 0.00020306
      2 0.00020295
      2 0.00020286
      2 0.00020280
      2 0.00020262
      2 0.00020250
      2 0.00020230
      2 0.00020212
      2 0.00020180
      2 0.00020167
      2 0.00020150
      2 0.00020140
      2 0.00020130
      2 0.00020100
      2 0.00020094
      2 0.00020090
      2 0.00020088
      2 0.00020079
      2 0.00020070
      2 0.00020016
      2 0.00020010
      2 0.00019973
      2 0.00019959
      2 0.00019940
      2 0.00019928
      2 0.00019924
      2 0.00019908
      2 0.00019880
      2 0.00019872
      2 0.00019865
      2 0.00019860
      2 0.00019826
      2 0.00019822
      2 0.00019814
      2 0.00019810
      2 0.00019798
      2 0.00019785
      2 0.00019764
      2 0.00019756
      2 0.00019735
      2 0.00019720
      2 0.00019668
      2 0.00019650
      2 0.00019631
      2 0.00019623
      2 0.00019621
      2 0.00019602
      2 0.00019600
      2 0.00019596
      2 0.00019551
      2 0.00019544
      2 0.00019543
      2 0.00019536
      2 0.00019532
      2 0.00019530
      2 0.00019527
      2 0.00019516
      2 0.00019509
      2 0.00019497
      2 0.00019460
      2 0.00019458
      2 0.00019448
      2 0.00019444
      2 0.00019415
      2 0.00019414
      2 0.00019396
      2 0.00019380
      2 0.00019366
      2 0.00019363
      2 0.00019360
      2 0.00019345
      2 0.00019320
      2 0.00019294
      2 0.00019278
      2 0.00019260
      2 0.00019240
      2 0.00019236
      2 0.00019234
      2 0.00019220
      2 0.00019210
      2 0.00019206
      2 0.00019193
      2 0.00019182
      2 0.00019175
      2 0.00019157
      2 0.00019152
      2 0.00019118
      2 0.00019116
      2 0.00019111
      2 0.00019100
      2 0.00019080
      2 0.00019075
      2 0.00019049
      2 0.00019045
      2 0.00018993
      2 0.00018988
      2 0.00018975
      2 0.00018971
      2 0.00018956
      2 0.00018954
      2 0.00018924
      2 0.00018921
      2 0.00018911
      2 0.00018900
      2 0.00018846
      2 0.00018833
      2 0.00018830
      2 0.00018827
      2 0.00018825
      2 0.00018803
      2 0.00018788
      2 0.00018782
      2 0.00018760
      2 0.00018752
      2 0.00018744
      2 0.00018720
      2 0.00018693
      2 0.00018688
      2 0.00018678
      2 0.00018665
      2 0.00018657
      2 0.00018637
      2 0.00018624
      2 0.00018604
      2 0.00018575
      2 0.00018561
      2 0.00018559
      2 0.00018544
      2 0.00018540
      2 0.00018531
      2 0.00018529
      2 0.00018525
      2 0.00018500
      2 0.00018492
      2 0.00018460
      2 0.00018441
      2 0.00018420
      2 0.00018419
      2 0.00018413
      2 0.00018410
      2 0.00018407
      2 0.00018402
      2 0.00018395
      2 0.00018362
      2 0.00018354
      2 0.00018330
      2 0.00018304
      2 0.00018288
      2 0.00018287
      2 0.00018270
      2 0.00018262
      2 0.00018250
      2 0.00018225
      2 0.00018207
      2 0.00018194
      2 0.00018168
      2 0.00018165
      2 0.00018155
      2 0.00018135
      2 0.00018113
      2 0.00018098
      2 0.00018076
      2 0.00018075
      2 0.00018061
      2 0.00018056
      2 0.00018042
      2 0.00018027
      2 0.00018020
      2 0.00017985
      2 0.00017952
      2 0.00017951
      2 0.00017950
      2 0.00017933
      2 0.00017928
      2 0.00017920
      2 0.00017915
      2 0.00017900
      2 0.00017885
      2 0.00017880
      2 0.00017877
      2 0.00017853
      2 0.00017840
      2 0.00017823
      2 0.00017820
      2 0.00017818
      2 0.00017816
      2 0.00017794
      2 0.00017782
      2 0.00017768
      2 0.00017766
      2 0.00017762
      2 0.00017719
      2 0.00017700
      2 0.00017690
      2 0.00017680
      2 0.00017628
      2 0.00017591
      2 0.00017588
      2 0.00017584
      2 0.00017572
      2 0.00017570
      2 0.00017556
      2 0.00017551
      2 0.00017548
      2 0.00017528
      2 0.00017523
      2 0.00017520
      2 0.00017514
      2 0.00017504
      2 0.00017496
      2 0.00017464
      2 0.00017460
      2 0.00017446
      2 0.00017442
      2 0.00017437
      2 0.00017422
      2 0.00017408
      2 0.00017400
      2 0.00017385
      2 0.00017373
      2 0.00017355
      2 0.00017346
      2 0.00017331
      2 0.00017329
      2 0.00017324
      2 0.00017306
      2 0.00017298
      2 0.00017286
      2 0.00017284
      2 0.00017281
      2 0.00017250
      2 0.00017228
      2 0.00017225
      2 0.00017221
      2 0.00017219
      2 0.00017204
      2 0.00017186
      2 0.00017174
      2 0.00017170
      2 0.00017169
      2 0.00017158
      2 0.00017153
      2 0.00017150
      2 0.00017136
      2 0.00017127
      2 0.00017119
      2 0.00017112
      2 0.00017105
      2 0.00017090
      2 0.00017088
      2 0.00017072
      2 0.00017052
      2 0.00017050
      2 0.00017020
      2 0.00017010
      2 0.00016995
      2 0.00016992
      2 0.00016988
      2 0.00016968
      2 0.00016936
      2 0.00016933
      2 0.00016920
      2 0.00016906
      2 0.00016901
      2 0.00016898
      2 0.00016874
      2 0.00016870
      2 0.00016862
      2 0.00016860
      2 0.00016851
      2 0.00016847
      2 0.00016835
      2 0.00016832
      2 0.00016826
      2 0.00016822
      2 0.00016821
      2 0.00016820
      2 0.00016817
      2 0.00016815
      2 0.00016808
      2 0.00016803
      2 0.00016790
      2 0.00016787
      2 0.00016786
      2 0.00016775
      2 0.00016768
      2 0.00016764
      2 0.00016762
      2 0.00016751
      2 0.00016750
      2 0.00016740
      2 0.00016730
      2 0.00016697
      2 0.00016695
      2 0.00016689
      2 0.00016683
      2 0.00016670
      2 0.00016653
      2 0.00016650
      2 0.00016649
      2 0.00016640
      2 0.00016632
      2 0.00016629
      2 0.00016610
      2 0.00016590
      2 0.00016588
      2 0.00016579
      2 0.00016575
      2 0.00016561
      2 0.00016558
      2 0.00016554
      2 0.00016550
      2 0.00016520
      2 0.00016510
      2 0.00016498
      2 0.00016484
      2 0.00016475
      2 0.00016472
      2 0.00016450
      2 0.00016445
      2 0.00016434
      2 0.00016430
      2 0.00016415
      2 0.00016412
      2 0.00016402
      2 0.00016387
      2 0.00016380
      2 0.00016375
      2 0.00016372
      2 0.00016366
      2 0.00016360
      2 0.00016354
      2 0.00016351
      2 0.00016348
      2 0.00016345
      2 0.00016343
      2 0.00016337
      2 0.00016328
      2 0.00016324
      2 0.00016317
      2 0.00016314
      2 0.00016306
      2 0.00016302
      2 0.00016300
      2 0.00016298
      2 0.00016286
      2 0.00016270
      2 0.00016269
      2 0.00016245
      2 0.00016200
      2 0.00016153
      2 0.00016143
      2 0.00016126
      2 0.00016100
      2 0.00016088
      2 0.00016086
      2 0.00016078
      2 0.00016071
      2 0.00016065
      2 0.00016060
      2 0.00016013
      2 0.00016005
      2 0.00015958
      2 0.00015957
      2 0.00015951
      2 0.00015932
      2 0.00015930
      2 0.00015891
      2 0.00015879
      2 0.00015876
      2 0.00015862
      2 0.00015820
      2 0.00015808
      2 0.00015799
      2 0.00015797
      2 0.00015795
      2 0.00015792
      2 0.00015784
      2 0.00015749
      2 0.00015744
      2 0.00015736
      2 0.00015734
      2 0.00015732
      2 0.00015719
      2 0.00015713
      2 0.00015698
      2 0.00015680
      2 0.00015664
      2 0.00015662
      2 0.00015656
      2 0.00015655
      2 0.00015652
      2 0.00015650
      2 0.00015642
      2 0.00015629
      2 0.00015611
      2 0.00015599
      2 0.00015585
      2 0.00015582
      2 0.00015576
      2 0.00015571
      2 0.00015570
      2 0.00015569
      2 0.00015564
      2 0.00015561
      2 0.00015544
      2 0.00015540
      2 0.00015525
      2 0.00015488
      2 0.00015480
      2 0.00015477
      2 0.00015471
      2 0.00015470
      2 0.00015464
      2 0.00015456
      2 0.00015440
      2 0.00015429
      2 0.00015428
      2 0.00015423
      2 0.00015414
      2 0.00015402
      2 0.00015399
      2 0.00015387
      2 0.00015372
      2 0.00015368
      2 0.00015360
      2 0.00015345
      2 0.00015342
      2 0.00015332
      2 0.00015318
      2 0.00015311
      2 0.00015268
      2 0.00015266
      2 0.00015254
      2 0.00015250
      2 0.00015235
      2 0.00015220
      2 0.00015216
      2 0.00015192
      2 0.00015180
      2 0.00015178
      2 0.00015168
      2 0.00015167
      2 0.00015165
      2 0.00015158
      2 0.00015153
      2 0.00015149
      2 0.00015118
      2 0.00015108
      2 0.00015106
      2 0.00015098
      2 0.00015088
      2 0.00015080
      2 0.00015075
      2 0.00015067
      2 0.00015060
      2 0.00015058
      2 0.00015052
      2 0.00015043
      2 0.00015040
      2 0.00015037
      2 0.00015025
      2 0.00015024
      2 0.00015011
      2 0.00015010
      2 0.00015006
      2 0.00015001
      2 0.00014998
      2 0.00014994
      2 0.00014975
      2 0.00014972
      2 0.00014970
      2 0.00014968
      2 0.00014953
      2 0.00014952
      2 0.00014948
      2 0.00014940
      2 0.00014936
      2 0.00014931
      2 0.00014929
      2 0.00014925
      2 0.00014921
      2 0.00014913
      2 0.00014910
      2 0.00014891
      2 0.00014878
      2 0.00014872
      2 0.00014870
      2 0.00014850
      2 0.00014848
      2 0.00014847
      2 0.00014840
      2 0.00014834
      2 0.00014833
      2 0.00014823
      2 0.00014817
      2 0.00014816
      2 0.00014808
      2 0.00014805
      2 0.00014803
      2 0.00014798
      2 0.00014795
      2 0.00014789
      2 0.00014780
      2 0.00014775
      2 0.00014760
      2 0.00014750
      2 0.00014747
      2 0.00014742
      2 0.00014739
      2 0.00014732
      2 0.00014721
      2 0.00014720
      2 0.00014707
      2 0.00014706
      2 0.00014703
      2 0.00014701
      2 0.00014697
      2 0.00014689
      2 0.00014685
      2 0.00014660
      2 0.00014650
      2 0.00014645
      2 0.00014636
      2 0.00014632
      2 0.00014620
      2 0.00014617
      2 0.00014610
      2 0.00014603
      2 0.00014586
      2 0.00014580
      2 0.00014573
      2 0.00014553
      2 0.00014543
      2 0.00014540
      2 0.00014536
      2 0.00014529
      2 0.00014526
      2 0.00014508
      2 0.00014486
      2 0.00014485
      2 0.00014484
      2 0.00014477
      2 0.00014476
      2 0.00014473
      2 0.00014471
      2 0.00014467
      2 0.00014462
      2 0.00014455
      2 0.00014450
      2 0.00014446
      2 0.00014444
      2 0.00014442
      2 0.00014441
      2 0.00014440
      2 0.00014432
      2 0.00014420
      2 0.00014413
      2 0.00014411
      2 0.00014396
      2 0.00014384
      2 0.00014382
      2 0.00014377
      2 0.00014374
      2 0.00014353
      2 0.00014352
      2 0.00014341
      2 0.00014335
      2 0.00014309
      2 0.00014300
      2 0.00014297
      2 0.00014293
      2 0.00014284
      2 0.00014274
      2 0.00014268
      2 0.00014265
      2 0.00014260
      2 0.00014256
      2 0.00014239
      2 0.00014238
      2 0.00014220
      2 0.00014216
      2 0.00014212
      2 0.00014208
      2 0.00014200
      2 0.00014196
      2 0.00014178
      2 0.00014165
      2 0.00014161
      2 0.00014160
      2 0.00014137
      2 0.00014134
      2 0.00014115
      2 0.00014112
      2 0.00014109
      2 0.00014092
      2 0.00014080
      2 0.00014075
      2 0.00014072
      2 0.00014070
      2 0.00014066
      2 0.00014060
      2 0.00014058
      2 0.00014042
      2 0.00014040
      2 0.00014026
      2 0.00014023
      2 0.00014000
      2 0.00013995
      2 0.00013992
      2 0.00013988
      2 0.00013978
      2 0.00013976
      2 0.00013973
      2 0.00013971
      2 0.00013948
      2 0.00013938
      2 0.00013935
      2 0.00013917
      2 0.00013915
      2 0.00013910
      2 0.00013903
      2 0.00013900
      2 0.00013897
      2 0.00013896
      2 0.00013891
      2 0.00013884
      2 0.00013875
      2 0.00013872
      2 0.00013865
      2 0.00013862
      2 0.00013851
      2 0.00013829
      2 0.00013822
      2 0.00013806
      2 0.00013800
      2 0.00013797
      2 0.00013780
      2 0.00013770
      2 0.00013765
      2 0.00013750
      2 0.00013692
      2 0.00013688
      2 0.00013650
      2 0.00013634
      2 0.00013629
      2 0.00013600
      2 0.00013588
      2 0.00013581
      2 0.00013575
      2 0.00013572
      2 0.00013555
      2 0.00013529
      2 0.00013525
      2 0.00013517
      2 0.00013514
      2 0.00013512
      2 0.00013509
      2 0.00013500
      2 0.00013491
      2 0.00013450
      2 0.00013440
      2 0.00013437
      2 0.00013401
      2 0.00013395
      2 0.00013380
      2 0.00013365
      2 0.00013359
      2 0.00013325
      2 0.00013307
      2 0.00013276
      2 0.00013274
      2 0.00013264
      2 0.00013239
      2 0.00013209
      2 0.00013206
      2 0.00013205
      2 0.00013199
      2 0.00013176
      2 0.00013167
      2 0.00013160
      2 0.00013158
      2 0.00013157
      2 0.00013152
      2 0.00013144
      2 0.00013137
      2 0.00013133
      2 0.00013129
      2 0.00013110
      2 0.00013085
      2 0.00013083
      2 0.00013070
      2 0.00013066
      2 0.00013062
      2 0.00013050
      2 0.00013043
      2 0.00013041
      2 0.00013016
      2 0.00013015
      2 0.00013000
      2 0.00012999
      2 0.00012993
      2 0.00012989
      2 0.00012972
      2 0.00012967
      2 0.00012963
      2 0.00012960
      2 0.00012950
      2 0.00012948
      2 0.00012932
      2 0.00012923
      2 0.00012900
      2 0.00012860
      2 0.00012850
      2 0.00012845
      2 0.00012840
      2 0.00012815
      2 0.00012811
      2 0.00012803
      2 0.00012800
      2 0.00012789
      2 0.00012769
      2 0.00012765
      2 0.00012760
      2 0.00012751
      2 0.00012735
      2 0.00012710
      2 0.00012705
      2 0.00012700
      2 0.00012680
      2 0.00012670
      2 0.00012660
      2 0.00012654
      2 0.00012648
      2 0.00012638
      2 0.00012616
      2 0.00012606
      2 0.00012599
      2 0.00012596
      2 0.00012595
      2 0.00012578
      2 0.00012546
      2 0.00012525
      2 0.00012480
      2 0.00012453
      2 0.00012447
      2 0.00012443
      2 0.00012438
      2 0.00012431
      2 0.00012428
      2 0.00012427
      2 0.00012408
      2 0.00012402
      2 0.00012386
      2 0.00012379
      2 0.00012362
      2 0.00012360
      2 0.00012335
      2 0.00012331
      2 0.00012311
      2 0.00012296
      2 0.00012286
      2 0.00012277
      2 0.00012276
      2 0.00012268
      2 0.00012261
      2 0.00012246
      2 0.00012240
      2 0.00012236
      2 0.00012228
      2 0.00012218
      2 0.00012214
      2 0.00012213
      2 0.00012210
      2 0.00012208
      2 0.00012199
      2 0.00012192
      2 0.00012166
      2 0.00012159
      2 0.00012147
      2 0.00012144
      2 0.00012138
      2 0.00012130
      2 0.00012126
      2 0.00012118
      2 0.00012116
      2 0.00012115
      2 0.00012113
      2 0.00012110
      2 0.00012087
      2 0.00012081
      2 0.00012063
      2 0.00012050
      2 0.00012042
      2 0.00012027
      2 0.00012017
      2 0.00012006
      2 0.00012001
      2 0.00011993
      2 0.00011985
      2 0.00011972
      2 0.00011970
      2 0.00011960
      2 0.00011950
      2 0.00011938
      2 0.00011887
      2 0.00011869
      2 0.00011863
      2 0.00011815
      2 0.00011781
      2 0.00011765
      2 0.00011762
      2 0.00011752
      2 0.00011748
      2 0.00011736
      2 0.00011733
      2 0.00011726
      2 0.00011710
      2 0.00011707
      2 0.00011706
      2 0.00011685
      2 0.00011672
      2 0.00011660
      2 0.00011655
      2 0.00011650
      2 0.00011638
      2 0.00011635
      2 0.00011632
      2 0.00011629
      2 0.00011618
      2 0.00011603
      2 0.00011600
      2 0.00011596
      2 0.00011568
      2 0.00011560
      2 0.00011546
      2 0.00011543
      2 0.00011528
      2 0.00011521
      2 0.00011519
      2 0.00011515
      2 0.00011506
      2 0.00011502
      2 0.00011495
      2 0.00011492
      2 0.00011485
      2 0.00011469
      2 0.00011468
      2 0.00011444
      2 0.00011441
      2 0.00011440
      2 0.00011435
      2 0.00011430
      2 0.00011424
      2 0.00011413
      2 0.00011411
      2 0.00011408
      2 0.00011401
      2 0.00011385
      2 0.00011373
      2 0.00011368
      2 0.00011367
      2 0.00011366
      2 0.00011360
      2 0.00011355
      2 0.00011349
      2 0.00011342
      2 0.00011340
      2 0.00011322
      2 0.00011311
      2 0.00011303
      2 0.00011286
      2 0.00011278
      2 0.00011271
      2 0.00011266
      2 0.00011259
      2 0.00011237
      2 0.00011231
      2 0.00011227
      2 0.00011222
      2 0.00011220
      2 0.00011209
      2 0.00011196
      2 0.00011175
      2 0.00011160
      2 0.00011146
      2 0.00011143
      2 0.00011139
      2 0.00011134
      2 0.00011132
      2 0.00011130
      2 0.00011120
      2 0.00011116
      2 0.00011114
      2 0.00011108
      2 0.00011102
      2 0.00011095
      2 0.00011094
      2 0.00011089
      2 0.00011080
      2 0.00011077
      2 0.00011075
      2 0.00011074
      2 0.00011066
      2 0.00011058
      2 0.00011050
      2 0.00011039
      2 0.00011032
      2 0.00011031
      2 0.00011024
      2 0.00010997
      2 0.00010988
      2 0.00010987
      2 0.00010983
      2 0.00010976
      2 0.00010950
      2 0.00010946
      2 0.00010945
      2 0.00010940
      2 0.00010938
      2 0.00010935
      2 0.00010926
      2 0.00010920
      2 0.00010914
      2 0.00010911
      2 0.00010902
      2 0.00010899
      2 0.00010878
      2 0.00010868
      2 0.00010833
      2 0.00010829
      2 0.00010824
      2 0.00010819
      2 0.00010816
      2 0.00010792
      2 0.00010790
      2 0.00010788
      2 0.00010779
      2 0.00010764
      2 0.00010752
      2 0.00010750
      2 0.00010708
      2 0.00010707
      2 0.00010704
      2 0.00010699
      2 0.00010680
      2 0.00010675
      2 0.00010659
      2 0.00010649
      2 0.00010638
      2 0.00010633
      2 0.00010620
      2 0.00010599
      2 0.00010586
      2 0.00010585
      2 0.00010556
      2 0.00010549
      2 0.00010545
      2 0.00010540
      2 0.00010516
      2 0.00010502
      2 0.00010499
      2 0.00010494
      2 0.00010487
      2 0.00010479
      2 0.00010478
      2 0.00010465
      2 0.00010464
      2 0.00010463
      2 0.00010441
      2 0.00010431
      2 0.00010414
      2 0.00010413
      2 0.00010409
      2 0.00010404
      2 0.00010392
      2 0.00010390
      2 0.00010376
      2 0.00010370
      2 0.00010366
      2 0.00010342
      2 0.00010340
      2 0.00010324
      2 0.00010323
      2 0.00010316
      2 0.00010304
      2 0.00010296
      2 0.00010291
      2 0.00010286
      2 0.00010283
      2 0.00010270
      2 0.00010268
      2 0.00010266
      2 0.00010249
      2 0.00010248
      2 0.00010244
      2 0.00010239
      2 0.00010199
      2 0.00010182
      2 0.00010168
      2 0.00010152
      2 0.00010136
      2 0.00010123
      2 0.00010116
      2 0.00010115
      2 0.00010114
      2 0.00010112
      2 0.00010109
      2 0.00010094
      2 0.00010085
      2 0.00010065
      2 0.00010047
      2 0.00010034
      2 0.00010025
      2 0.00010017
      2 0.00009999
      2 0.00009990
      2 0.00009987
      2 0.00009983
      2 0.00009979
      2 0.00009968
      2 0.00009953
      2 0.00009950
      2 0.00009944
      2 0.00009936
      2 0.00009908
      2 0.00009894
      2 0.00009892
      2 0.00009887
      2 0.00009885
      2 0.00009883
      2 0.00009882
      2 0.00009879
      2 0.00009878
      2 0.00009872
      2 0.00009847
      2 0.00009804
      2 0.00009800
      2 0.00009799
      2 0.00009798
      2 0.00009791
      2 0.00009790
      2 0.00009788
      2 0.00009782
      2 0.00009765
      2 0.00009743
      2 0.00009741
      2 0.00009740
      2 0.00009729
      2 0.00009723
      2 0.00009720
      2 0.00009712
      2 0.00009711
      2 0.00009709
      2 0.00009700
      2 0.00009698
      2 0.00009696
      2 0.00009691
      2 0.00009676
      2 0.00009670
      2 0.00009657
      2 0.00009650
      2 0.00009619
      2 0.00009614
      2 0.00009612
      2 0.00009605
      2 0.00009592
      2 0.00009589
      2 0.00009586
      2 0.00009543
      2 0.00009527
      2 0.00009518
      2 0.00009512
      2 0.00009507
      2 0.00009503
      2 0.00009495
      2 0.00009485
      2 0.00009483
      2 0.00009480
      2 0.00009472
      2 0.00009468
      2 0.00009461
      2 0.00009460
      2 0.00009429
      2 0.00009422
      2 0.00009420
      2 0.00009405
      2 0.00009395
      2 0.00009390
      2 0.00009384
      2 0.00009380
      2 0.00009375
      2 0.00009372
      2 0.00009366
      2 0.00009360
      2 0.00009359
      2 0.00009351
      2 0.00009348
      2 0.00009345
      2 0.00009334
      2 0.00009327
      2 0.00009318
      2 0.00009312
      2 0.00009294
      2 0.00009293
      2 0.00009291
      2 0.00009284
      2 0.00009272
      2 0.00009259
      2 0.00009256
      2 0.00009249
      2 0.00009238
      2 0.00009234
      2 0.00009227
      2 0.00009225
      2 0.00009208
      2 0.00009198
      2 0.00009193
      2 0.00009184
      2 0.00009181
      2 0.00009177
      2 0.00009160
      2 0.00009155
      2 0.00009148
      2 0.00009138
      2 0.00009130
      2 0.00009116
      2 0.00009113
      2 0.00009089
      2 0.00009088
      2 0.00009078
      2 0.00009072
      2 0.00009063
      2 0.00009062
      2 0.00009061
      2 0.00009052
      2 0.00009045
      2 0.00009043
      2 0.00009040
      2 0.00009029
      2 0.00009028
      2 0.00009027
      2 0.00009025
      2 0.00009021
      2 0.00009014
      2 0.00009006
      2 0.00009001
      2 0.00008993
      2 0.00008978
      2 0.00008973
      2 0.00008968
      2 0.00008949
      2 0.00008920
      2 0.00008917
      2 0.00008908
      2 0.00008903
      2 0.00008902
      2 0.00008895
      2 0.00008888
      2 0.00008868
      2 0.00008844
      2 0.00008836
      2 0.00008813
      2 0.00008804
      2 0.00008800
      2 0.00008798
      2 0.00008791
      2 0.00008784
      2 0.00008779
      2 0.00008772
      2 0.00008740
      2 0.00008736
      2 0.00008735
      2 0.00008723
      2 0.00008692
      2 0.00008688
      2 0.00008676
      2 0.00008671
      2 0.00008665
      2 0.00008660
      2 0.00008646
      2 0.00008630
      2 0.00008614
      2 0.00008605
      2 0.00008601
      2 0.00008588
      2 0.00008584
      2 0.00008576
      2 0.00008575
      2 0.00008563
      2 0.00008551
      2 0.00008521
      2 0.00008510
      2 0.00008494
      2 0.00008487
      2 0.00008486
      2 0.00008475
      2 0.00008468
      2 0.00008451
      2 0.00008450
      2 0.00008445
      2 0.00008440
      2 0.00008416
      2 0.00008413
      2 0.00008409
      2 0.00008406
      2 0.00008404
      2 0.00008397
      2 0.00008381
      2 0.00008364
      2 0.00008356
      2 0.00008349
      2 0.00008332
      2 0.00008324
      2 0.00008299
      2 0.00008291
      2 0.00008288
      2 0.00008261
      2 0.00008254
      2 0.00008236
      2 0.00008235
      2 0.00008216
      2 0.00008197
      2 0.00008188
      2 0.00008180
      2 0.00008177
      2 0.00008176
      2 0.00008175
      2 0.00008172
      2 0.00008145
      2 0.00008130
      2 0.00008113
      2 0.00008108
      2 0.00008093
      2 0.00008090
      2 0.00008086
      2 0.00008083
      2 0.00008073
      2 0.00008065
      2 0.00008050
      2 0.00008046
      2 0.00008044
      2 0.00008034
      2 0.00008030
      2 0.00008022
      2 0.00008007
      2 0.00007992
      2 0.00007972
      2 0.00007968
      2 0.00007965
      2 0.00007943
      2 0.00007918
      2 0.00007916
      2 0.00007904
      2 0.00007901
      2 0.00007896
      2 0.00007892
      2 0.00007870
      2 0.00007869
      2 0.00007850
      2 0.00007845
      2 0.00007831
      2 0.00007830
      2 0.00007827
      2 0.00007826
      2 0.00007821
      2 0.00007820
      2 0.00007816
      2 0.00007808
      2 0.00007801
      2 0.00007798
      2 0.00007791
      2 0.00007790
      2 0.00007784
      2 0.00007769
      2 0.00007755
      2 0.00007729
      2 0.00007720
      2 0.00007715
      2 0.00007695
      2 0.00007694
      2 0.00007687
      2 0.00007679
      2 0.00007665
      2 0.00007656
      2 0.00007645
      2 0.00007637
      2 0.00007632
      2 0.00007626
      2 0.00007614
      2 0.00007605
      2 0.00007599
      2 0.00007598
      2 0.00007577
      2 0.00007558
      2 0.00007541
      2 0.00007540
      2 0.00007531
      2 0.00007512
      2 0.00007510
      2 0.00007508
      2 0.00007476
      2 0.00007473
      2 0.00007458
      2 0.00007443
      2 0.00007424
      2 0.00007413
      2 0.00007410
      2 0.00007402
      2 0.00007398
      2 0.00007396
      2 0.00007375
      2 0.00007345
      2 0.00007343
      2 0.00007328
      2 0.00007310
      2 0.00007290
      2 0.00007279
      2 0.00007276
      2 0.00007274
      2 0.00007266
      2 0.00007260
      2 0.00007257
      2 0.00007233
      2 0.00007227
      2 0.00007221
      2 0.00007220
      2 0.00007197
      2 0.00007192
      2 0.00007191
      2 0.00007180
      2 0.00007176
      2 0.00007175
      2 0.00007167
      2 0.00007164
      2 0.00007154
      2 0.00007147
      2 0.00007144
      2 0.00007142
      2 0.00007133
      2 0.00007129
      2 0.00007128
      2 0.00007124
      2 0.00007122
      2 0.00007097
      2 0.00007090
      2 0.00007088
      2 0.00007065
      2 0.00007055
      2 0.00007039
      2 0.00007027
      2 0.00007018
      2 0.00007013
      2 0.00006997
      2 0.00006993
      2 0.00006987
      2 0.00006970
      2 0.00006960
      2 0.00006944
      2 0.00006943
      2 0.00006924
      2 0.00006920
      2 0.00006919
      2 0.00006917
      2 0.00006916
      2 0.00006914
      2 0.00006912
      2 0.00006899
      2 0.00006887
      2 0.00006880
      2 0.00006877
      2 0.00006861
      2 0.00006855
      2 0.00006854
      2 0.00006832
      2 0.00006826
      2 0.00006823
      2 0.00006793
      2 0.00006788
      2 0.00006786
      2 0.00006784
      2 0.00006775
      2 0.00006766
      2 0.00006745
      2 0.00006744
      2 0.00006735
      2 0.00006725
      2 0.00006720
      2 0.00006717
      2 0.00006705
      2 0.00006700
      2 0.00006690
      2 0.00006680
      2 0.00006668
      2 0.00006666
      2 0.00006665
      2 0.00006642
      2 0.00006640
      2 0.00006636
      2 0.00006633
      2 0.00006630
      2 0.00006616
      2 0.00006613
      2 0.00006594
      2 0.00006593
      2 0.00006556
      2 0.00006547
      2 0.00006536
      2 0.00006524
      2 0.00006512
      2 0.00006501
      2 0.00006490
      2 0.00006482
      2 0.00006450
      2 0.00006447
      2 0.00006432
      2 0.00006425
      2 0.00006424
      2 0.00006422
      2 0.00006417
      2 0.00006413
      2 0.00006405
      2 0.00006394
      2 0.00006390
      2 0.00006374
      2 0.00006367
      2 0.00006364
      2 0.00006360
      2 0.00006352
      2 0.00006346
      2 0.00006340
      2 0.00006339
      2 0.00006332
      2 0.00006331
      2 0.00006323
      2 0.00006321
      2 0.00006319
      2 0.00006314
      2 0.00006304
      2 0.00006292
      2 0.00006282
      2 0.00006276
      2 0.00006270
      2 0.00006265
      2 0.00006229
      2 0.00006226
      2 0.00006222
      2 0.00006212
      2 0.00006204
      2 0.00006192
      2 0.00006190
      2 0.00006187
      2 0.00006186
      2 0.00006176
      2 0.00006170
      2 0.00006164
      2 0.00006162
      2 0.00006153
      2 0.00006151
      2 0.00006149
      2 0.00006142
      2 0.00006141
      2 0.00006132
      2 0.00006127
      2 0.00006119
      2 0.00006111
      2 0.00006102
      2 0.00006100
      2 0.00006099
      2 0.00006096
      2 0.00006086
      2 0.00006072
      2 0.00006069
      2 0.00006067
      2 0.00006048
      2 0.00006040
      2 0.00006039
      2 0.00006038
      2 0.00006037
      2 0.00006033
      2 0.00006014
      2 0.00006012
      2 0.00006007
      2 0.00006004
      2 0.00005996
      2 0.00005989
      2 0.00005972
      2 0.00005965
      2 0.00005960
      2 0.00005953
      2 0.00005951
      2 0.00005949
      2 0.00005935
      2 0.00005929
      2 0.00005928
      2 0.00005910
      2 0.00005901
      2 0.00005900
      2 0.00005888
      2 0.00005882
      2 0.00005881
      2 0.00005864
      2 0.00005863
      2 0.00005861
      2 0.00005853
      2 0.00005852
      2 0.00005840
      2 0.00005821
      2 0.00005819
      2 0.00005806
      2 0.00005804
      2 0.00005800
      2 0.00005788
      2 0.00005787
      2 0.00005781
      2 0.00005766
      2 0.00005763
      2 0.00005753
      2 0.00005751
      2 0.00005742
      2 0.00005727
      2 0.00005720
      2 0.00005710
      2 0.00005693
      2 0.00005691
      2 0.00005689
      2 0.00005687
      2 0.00005660
      2 0.00005654
      2 0.00005637
      2 0.00005635
      2 0.00005631
      2 0.00005626
      2 0.00005589
      2 0.00005588
      2 0.00005560
      2 0.00005551
      2 0.00005543
      2 0.00005538
      2 0.00005530
      2 0.00005526
      2 0.00005515
      2 0.00005514
      2 0.00005508
      2 0.00005491
      2 0.00005486
      2 0.00005481
      2 0.00005461
      2 0.00005460
      2 0.00005458
      2 0.00005441
      2 0.00005419
      2 0.00005412
      2 0.00005411
      2 0.00005393
      2 0.00005386
      2 0.00005376
      2 0.00005368
      2 0.00005366
      2 0.00005362
      2 0.00005361
      2 0.00005358
      2 0.00005345
      2 0.00005332
      2 0.00005329
      2 0.00005328
      2 0.00005320
      2 0.00005310
      2 0.00005288
      2 0.00005282
      2 0.00005281
      2 0.00005272
      2 0.00005266
      2 0.00005264
      2 0.00005258
      2 0.00005253
      2 0.00005249
      2 0.00005243
      2 0.00005235
      2 0.00005224
      2 0.00005220
      2 0.00005198
      2 0.00005184
      2 0.00005180
      2 0.00005175
      2 0.00005166
      2 0.00005161
      2 0.00005152
      2 0.00005142
      2 0.00005129
      2 0.00005128
      2 0.00005108
      2 0.00005102
      2 0.00005075
      2 0.00005056
      2 0.00005055
      2 0.00005041
      2 0.00005025
      2 0.00005005
      2 0.00004994
      2 0.00004983
      2 0.00004980
      2 0.00004974
      2 0.00004973
      2 0.00004972
      2 0.00004964
      2 0.00004920
      2 0.00004884
      2 0.00004883
      2 0.00004880
      2 0.00004872
      2 0.00004852
      2 0.00004847
      2 0.00004845
      2 0.00004807
      2 0.00004800
      2 0.00004787
      2 0.00004783
      2 0.00004774
      2 0.00004771
      2 0.00004767
      2 0.00004764
      2 0.00004750
      2 0.00004746
      2 0.00004743
      2 0.00004740
      2 0.00004736
      2 0.00004730
      2 0.00004728
      2 0.00004709
      2 0.00004708
      2 0.00004694
      2 0.00004686
      2 0.00004675
      2 0.00004657
      2 0.00004653
      2 0.00004651
      2 0.00004644
      2 0.00004578
      2 0.00004557
      2 0.00004554
      2 0.00004546
      2 0.00004537
      2 0.00004528
      2 0.00004510
      2 0.00004447
      2 0.00004440
      2 0.00004429
      2 0.00004410
      2 0.00004392
      2 0.00004379
      2 0.00004371
      2 0.00004357
      2 0.00004350
      2 0.00004305
      2 0.00004291
      2 0.00004275
      2 0.00004250
      2 0.00004163
      2 0.00004144
      2 0.00004118
      2 0.00004062
      2 0.00004050
      2 0.00004049
      2 0.00004029
      2 0.00004011
      2 0.00004000
      2 0.00003998
      2 0.00003960
      2 0.00003920
      2 0.00003901
      2 0.00003886
      2 0.00003850
      2 0.00003842
      2 0.00003798
      2 0.00003734
      2 0.00003732
      2 0.00003729
      2 0.00003726
      2 0.00003666
      2 0.00003600
      2 0.00003571
      2 0.00003552
      2 0.00003519
      2 0.00003494
      2 0.00003440
      2 0.00003360
      2 0.00003350
      2 0.00003280
      2 0.00003266
      2 0.00003248
      2 0.00003241
      2 0.00003236
      2 0.00003227
      2 0.00003207
      2 0.00003201
      2 0.00003196
      2 0.00003182
      2 0.00003174
      2 0.00003150
      2 0.00003146
      2 0.00003145
      2 0.00003108
      2 0.00003084
      2 0.00003083
      2 0.00003080
      2 0.00003060
      2 0.00003053
      2 0.00003040
      2 0.00003000
      2 0.00002926
      2 0.00002826
      2 0.00002823
      2 0.00002811
      2 0.00002712
      2 0.00002699
      2 0.00002644
      2 0.00002629
      2 0.00002605
      2 0.00002297
      2 0.00001845
      2 0.00001694
      2 0.00001428
