      2 0.00003080
      2 0.00003110
      2 0.00003266
      2 0.00003440
      2 0.00003577
      2 0.00003600
      4 0.00003624
     18 0.00003775
      2 0.00003822
      4 0.00003978
      4 0.00004004
      2 0.00004011
      2 0.00004200
      2 0.00004230
      2 0.00004260
      2 0.00004305
      2 0.00004440
      2 0.00004520
      2 0.00004540
      2 0.00004584
      2 0.00004620
      2 0.00004633
      2 0.00004651
      2 0.00004704
      2 0.00004728
      2 0.00004736
      2 0.00004758
      2 0.00004920
      2 0.00004928
      2 0.00004950
      2 0.00004970
     10 0.00005000
      2 0.00005025
      2 0.00005026
      2 0.00005100
      2 0.00005175
      2 0.00005202
      4 0.00005206
      2 0.00005217
      2 0.00005281
      2 0.00005285
      2 0.00005328
      2 0.00005389
      2 0.00005486
      6 0.00005500
      2 0.00005526
      6 0.00005544
      8 0.00005550
      2 0.00005580
      2 0.00005598
      2 0.00005600
      2 0.00005625
      2 0.00005643
     10 0.00005650
      6 0.00005661
      2 0.00005693
      2 0.00005747
      2 0.00005772
      2 0.00005814
      2 0.00005861
      2 0.00005876
      2 0.00005881
      4 0.00005883
      2 0.00005909
      2 0.00005918
      2 0.00005960
      4 0.00005967
      2 0.00005986
      2 0.00005992
      2 0.00005994
      2 0.00005997
     12 0.00006000
      4 0.00006001
      2 0.00006004
      2 0.00006006
      2 0.00006037
      2 0.00006049
      2 0.00006099
      4 0.00006105
      2 0.00006120
      2 0.00006138
      4 0.00006160
     20 0.00006163
     38 0.00006177
      2 0.00006188
      6 0.00006191
     10 0.00006216
      2 0.00006220
     12 0.00006255
      2 0.00006273
      4 0.00006300
      4 0.00006327
      6 0.00006342
      2 0.00006355
      2 0.00006367
      2 0.00006376
      2 0.00006390
      4 0.00006426
      4 0.00006438
      4 0.00006439
      2 0.00006450
      2 0.00006451
      2 0.00006458
      2 0.00006468
      2 0.00006493
      2 0.00006500
      2 0.00006528
      2 0.00006531
      2 0.00006624
      2 0.00006660
      2 0.00006668
      2 0.00006699
      2 0.00006732
      2 0.00006750
      4 0.00006760
      2 0.00006768
      2 0.00006776
      2 0.00006787
     28 0.00006795
      2 0.00006813
      4 0.00006842
      2 0.00006874
      2 0.00006876
      2 0.00006881
      8 0.00006885
      2 0.00006909
      2 0.00006920
      4 0.00006936
      2 0.00006952
      2 0.00006975
      2 0.00006988
      2 0.00006998
      2 0.00007008
      2 0.00007035
      2 0.00007040
      6 0.00007050
      2 0.00007056
      2 0.00007073
      6 0.00007100
      2 0.00007104
      2 0.00007129
      2 0.00007156
      8 0.00007200
      2 0.00007227
      2 0.00007236
      4 0.00007248
      2 0.00007250
      2 0.00007280
      2 0.00007296
      2 0.00007300
      2 0.00007309
      2 0.00007310
      4 0.00007325
      6 0.00007338
      2 0.00007344
      8 0.00007350
      2 0.00007358
      2 0.00007380
      2 0.00007396
      2 0.00007399
      2 0.00007400
      2 0.00007403
      4 0.00007472
      2 0.00007473
      8 0.00007500
      2 0.00007503
      4 0.00007538
      2 0.00007540
     14 0.00007550
      4 0.00007560
      2 0.00007577
      4 0.00007600
      6 0.00007618
      2 0.00007638
     10 0.00007650
      2 0.00007680
      2 0.00007694
      2 0.00007699
     32 0.00007700
      2 0.00007701
      2 0.00007709
      4 0.00007728
      2 0.00007763
      4 0.00007765
      4 0.00007770
      2 0.00007775
      2 0.00007791
      2 0.00007800
      2 0.00007827
      4 0.00007852
      2 0.00007869
      4 0.00007880
      2 0.00007911
      2 0.00007916
      4 0.00007955
      2 0.00007956
      2 0.00007965
      4 0.00007966
      2 0.00008003
      2 0.00008007
      4 0.00008040
      4 0.00008054
      2 0.00008058
      4 0.00008077
      4 0.00008085
      2 0.00008086
      2 0.00008120
      2 0.00008145
     14 0.00008154
      4 0.00008160
      2 0.00008177
     16 0.00008204
      2 0.00008225
      2 0.00008232
      4 0.00008262
     12 0.00008305
      4 0.00008316
      2 0.00008332
      4 0.00008351
      2 0.00008375
      4 0.00008391
      4 0.00008400
      2 0.00008404
      2 0.00008409
      2 0.00008448
      2 0.00008456
      4 0.00008460
      6 0.00008470
      4 0.00008497
      2 0.00008512
      2 0.00008550
      2 0.00008555
      4 0.00008600
      4 0.00008607
      2 0.00008624
      4 0.00008644
      2 0.00008660
      6 0.00008673
      2 0.00008679
      4 0.00008680
      2 0.00008688
      2 0.00008694
      2 0.00008703
      2 0.00008708
      2 0.00008721
      4 0.00008758
      2 0.00008760
      2 0.00008790
      4 0.00008792
      2 0.00008802
      2 0.00008805
      2 0.00008808
      4 0.00008816
     32 0.00008820
      4 0.00008821
      2 0.00008850
      2 0.00008874
     22 0.00008880
      2 0.00008900
      2 0.00008909
      2 0.00008950
      2 0.00008958
      6 0.00008967
      2 0.00008968
      2 0.00008973
      4 0.00008998
      4 0.00009000
      2 0.00009006
      2 0.00009043
      4 0.00009060
      2 0.00009078
      2 0.00009086
      4 0.00009108
      8 0.00009114
      2 0.00009120
      2 0.00009130
      2 0.00009133
      2 0.00009138
      2 0.00009150
      2 0.00009175
      2 0.00009176
      2 0.00009200
      2 0.00009211
      4 0.00009228
     88 0.00009240
      2 0.00009250
      4 0.00009261
      2 0.00009284
      2 0.00009293
      2 0.00009300
      2 0.00009324
     12 0.00009330
      2 0.00009362
      2 0.00009386
      8 0.00009394
      4 0.00009408
      2 0.00009450
      2 0.00009452
      2 0.00009464
      2 0.00009490
      2 0.00009503
      4 0.00009513
     10 0.00009548
      2 0.00009550
     42 0.00009555
     44 0.00009588
      2 0.00009591
      2 0.00009600
     18 0.00009620
      2 0.00009648
      4 0.00009653
     26 0.00009661
      2 0.00009672
      2 0.00009676
      2 0.00009691
      2 0.00009696
     18 0.00009702
      8 0.00009768
      4 0.00009809
     12 0.00009815
      2 0.00009824
      2 0.00009840
      4 0.00009900
      2 0.00009932
      2 0.00009940
      2 0.00009952
      6 0.00009966
      2 0.00009968
     10 0.00009996
      8 0.00010000
     42 0.00010010
      2 0.00010064
      2 0.00010080
      2 0.00010100
     12 0.00010117
      2 0.00010123
     30 0.00010125
      2 0.00010132
     20 0.00010164
      4 0.00010178
     26 0.00010200
     12 0.00010212
      2 0.00010244
      2 0.00010255
      2 0.00010281
    156 0.00010290
      2 0.00010292
      2 0.00010302
      2 0.00010318
     12 0.00010360
      2 0.00010425
      2 0.00010440
      4 0.00010472
      2 0.00010488
      6 0.00010500
      6 0.00010508
      2 0.00010560
      2 0.00010564
     10 0.00010570
      2 0.00010574
      2 0.00010575
      6 0.00010584
      2 0.00010599
      2 0.00010600
      8 0.00010626
      2 0.00010656
      2 0.00010664
      2 0.00010667
      2 0.00010668
      2 0.00010708
      2 0.00010750
      2 0.00010778
     54 0.00010780
      2 0.00010787
      2 0.00010835
     12 0.00010934
      2 0.00011000
      2 0.00011016
      4 0.00011020
      6 0.00011023
     22 0.00011025
      2 0.00011040
      2 0.00011088
     10 0.00011100
      2 0.00011114
      4 0.00011200
      2 0.00011209
      6 0.00011241
      6 0.00011242
      2 0.00011248
      2 0.00011254
      4 0.00011280
      6 0.00011300
      2 0.00011319
      8 0.00011325
      6 0.00011400
      2 0.00011424
      2 0.00011440
      2 0.00011444
      2 0.00011466
      2 0.00011475
      2 0.00011520
     22 0.00011550
      2 0.00011663
     10 0.00011700
      4 0.00011704
      2 0.00011715
     46 0.00011760
     32 0.00011840
      2 0.00011856
      2 0.00011907
      2 0.00011972
      2 0.00011988
      4 0.00012012
      2 0.00012019
      4 0.00012080
      2 0.00012130
      4 0.00012136
      2 0.00012159
      2 0.00012201
      2 0.00012228
      2 0.00012231
      2 0.00012238
      2 0.00012284
      2 0.00012286
     72 0.00012320
      2 0.00012410
      8 0.00012474
      2 0.00012485
     16 0.00012495
      2 0.00012533
      2 0.00012540
      4 0.00012543
     28 0.00012580
      2 0.00012596
      4 0.00012627
     22 0.00012628
      4 0.00012642
      2 0.00012690
      6 0.00012702
      2 0.00012705
      4 0.00012728
      6 0.00012780
      2 0.00012811
      2 0.00012815
      4 0.00012835
      4 0.00012839
      2 0.00012920
      2 0.00012922
     10 0.00012936
      2 0.00013024
     48 0.00013090
      2 0.00013205
     26 0.00013230
      8 0.00013244
     14 0.00013320
      2 0.00013377
      2 0.00013439
      2 0.00013468
      2 0.00013524
      4 0.00013552
      6 0.00013590
      4 0.00013616
      2 0.00013622
      4 0.00013764
      2 0.00013797
      4 0.00013850
     36 0.00013860
      2 0.00013892
      2 0.00013916
      2 0.00013937
      4 0.00013965
      2 0.00014014
      2 0.00014016
      2 0.00014040
      2 0.00014042
      2 0.00014043
      2 0.00014060
      2 0.00014070
      6 0.00014168
      2 0.00014208
      2 0.00014210
      4 0.00014218
      2 0.00014256
      2 0.00014309
      2 0.00014317
      6 0.00014345
      4 0.00014400
      2 0.00014504
      4 0.00014553
      2 0.00014556
      2 0.00014561
      2 0.00014586
      2 0.00014608
      2 0.00014647
      2 0.00014650
     32 0.00014700
     10 0.00014800
      2 0.00014868
      2 0.00014957
      2 0.00014969
      2 0.00014994
      2 0.00015000
      2 0.00015024
      2 0.00015092
      2 0.00015100
      2 0.00015106
      4 0.00015117
      2 0.00015118
      2 0.00015141
      2 0.00015158
      2 0.00015189
      4 0.00015246
      2 0.00015288
      2 0.00015318
     32 0.00015400
      2 0.00015417
      8 0.00015435
      2 0.00015553
      2 0.00015624
      4 0.00015657
      6 0.00015660
      2 0.00015708
      6 0.00015855
      2 0.00015900
      2 0.00015932
      2 0.00015957
      2 0.00016000
      2 0.00016170
      2 0.00016192
      2 0.00016270
      2 0.00016368
      2 0.00016372
      2 0.00016458
      2 0.00016478
      2 0.00016560
      2 0.00016575
      2 0.00016620
      2 0.00016656
      2 0.00016800
      4 0.00016850
      2 0.00016862
      2 0.00016905
      2 0.00016906
      6 0.00016940
      2 0.00016960
      4 0.00017000
      2 0.00017150
      2 0.00017152
      2 0.00017160
      2 0.00017391
      2 0.00017446
      2 0.00017500
      2 0.00017528
      2 0.00017584
      2 0.00017628
      2 0.00017640
      2 0.00017680
      2 0.00017702
      2 0.00017950
      2 0.00017985
      2 0.00018165
      2 0.00018225
      2 0.00018354
      2 0.00018400
      2 0.00018460
      2 0.00018480
      2 0.00018590
      2 0.00018600
      2 0.00018620
      2 0.00018657
      8 0.00018700
      2 0.00018876
      2 0.00018900
      2 0.00018924
      2 0.00019075
      2 0.00019080
      2 0.00019136
      2 0.00019200
      2 0.00019272
      2 0.00019360
      2 0.00019363
      2 0.00019444
      2 0.00019527
      2 0.00019551
      2 0.00019623
      2 0.00019940
      2 0.00020000
      2 0.00020088
      2 0.00020647
      2 0.00020650
      4 0.00020700
      2 0.00020707
      2 0.00021175
      2 0.00021399
      2 0.00021509
      4 0.00021593
      2 0.00021604
      2 0.00021700
      2 0.00022002
      2 0.00022300
      2 0.00022377
      2 0.00022400
      2 0.00022479
      2 0.00022506
      2 0.00022650
      2 0.00022656
      2 0.00022676
      2 0.00022936
      2 0.00023445
      2 0.00023534
      4 0.00023634
      2 0.00023760
      2 0.00023848
      2 0.00023919
      2 0.00023966
      2 0.00024180
      2 0.00024310
      2 0.00024453
      2 0.00024640
      2 0.00024904
      2 0.00024950
      2 0.00025312
      2 0.00025755
      2 0.00025800
      2 0.00025950
      2 0.00026116
      2 0.00026400
      2 0.00027010
      2 0.00027032
      2 0.00027050
      2 0.00028355
      2 0.00029302
      2 0.00029758
      6 0.00030171
      2 0.00031437
      2 0.00031620
      4 0.00031752
      2 0.00031928
      2 0.00031990
      2 0.00032065
      2 0.00032283
      2 0.00033794
      2 0.00034020
      2 0.00034465
      2 0.00034584
      2 0.00034589
      4 0.00035000
      2 0.00035280
      2 0.00035343
      2 0.00036025
      2 0.00036300
      2 0.00036788
      2 0.00037122
      2 0.00037206
      2 0.00038266
      2 0.00038945
      2 0.00039690
      2 0.00039859
      2 0.00041580
      2 0.00043014
      2 0.00043824
      2 0.00044880
      2 0.00045100
      2 0.00045426
      2 0.00045630
      2 0.00046059
      2 0.00046165
      2 0.00046600
      4 0.00047250
      2 0.00047518
      2 0.00047611
      2 0.00047966
      2 0.00048364
      2 0.00049301
      2 0.00050622
      2 0.00051600
      2 0.00053120
      2 0.00055700
      2 0.00056044
      2 0.00057909
      2 0.00058650
      2 0.00059409
      2 0.00062720
      2 0.00063793
      2 0.00066600
      2 0.00068200
      2 0.00068580
      2 0.00069657
      2 0.00069934
      2 0.00075651
      2 0.00077951
      2 0.00080000
      2 0.00082391
      2 0.00082544
      2 0.00083793
      2 0.00084400
      2 0.00085311
      2 0.00088200
      2 0.00093762
      2 0.00094350
      2 0.00100320
      2 0.00102910
      2 0.00103400
      2 0.00112057
      2 0.00113663
      2 0.00120981
      2 0.00127955
      2 0.00134155
      2 0.00145150
      4 0.00150000
      2 0.00150900
      2 0.00152041
      2 0.00157795
      2 0.00159800
      2 0.00168347
      2 0.00178852
      2 0.00179250
      2 0.00181799
      2 0.00183719
      2 0.00186522
      2 0.00192957
      2 0.00201429
      2 0.00220280
      2 0.00267540
      2 0.00275150
      2 0.00292737
      2 0.00411290
      2 0.00421302
      2 0.00430654
      2 0.00441504
      2 0.00447020
      2 0.00468790
      2 0.00707200
      2 0.00831148
      2 0.01274880
      2 0.01297800
      2 0.01303969
      2 0.01322880
      2 0.01340880
      2 0.01346880
      2 0.02049150
