      2 0.02049150
      2 0.01346880
      2 0.01340880
      2 0.01322880
      2 0.01303969
      2 0.01297800
      2 0.01274880
      2 0.00831148
      2 0.00707200
      2 0.00479950
      2 0.00468790
      2 0.00447020
      2 0.00441504
      2 0.00430654
      2 0.00421302
      2 0.00411290
      2 0.00341412
      2 0.00292737
      2 0.00275150
      2 0.00268452
      2 0.00267540
      2 0.00220280
      2 0.00216724
      2 0.00201429
      2 0.00200000
      2 0.00192957
      2 0.00186522
      2 0.00183719
      2 0.00181799
      2 0.00179250
      2 0.00178852
      2 0.00168347
      2 0.00160629
      2 0.00159800
      2 0.00152592
      2 0.00152041
      2 0.00150900
      4 0.00150000
      2 0.00145150
      2 0.00136172
      2 0.00134155
      2 0.00130821
      2 0.00127955
      2 0.00120981
      2 0.00120000
      2 0.00113663
      2 0.00112057
      2 0.00103400
      2 0.00102910
      2 0.00100320
      2 0.00094350
      2 0.00093762
      2 0.00093057
      2 0.00088200
      2 0.00085311
      2 0.00083793
      2 0.00082544
      2 0.00082391
      2 0.00080000
      2 0.00077951
      2 0.00075651
      2 0.00074000
      2 0.00072326
      2 0.00070702
      2 0.00069934
      2 0.00069657
      2 0.00068580
      2 0.00068200
      2 0.00067941
      2 0.00063793
      2 0.00062720
      2 0.00059409
      2 0.00058650
      2 0.00056044
      2 0.00053120
      2 0.00052128
      2 0.00051600
      2 0.00050622
      2 0.00049640
      2 0.00049301
      2 0.00049103
      2 0.00047966
      2 0.00047611
      2 0.00047518
      4 0.00047250
      2 0.00046600
      2 0.00046165
      2 0.00046059
      2 0.00045630
      2 0.00045426
      2 0.00044880
      2 0.00043824
      2 0.00043014
      2 0.00041580
      2 0.00040184
      2 0.00039859
      2 0.00039690
      2 0.00038556
      2 0.00038266
      2 0.00037814
      2 0.00037206
      2 0.00036788
      2 0.00036300
      2 0.00035343
      2 0.00035280
      4 0.00035000
      2 0.00034930
      2 0.00034589
      2 0.00034584
      2 0.00034465
      2 0.00034056
      6 0.00034020
      2 0.00033794
      2 0.00032320
      2 0.00032065
      2 0.00031928
      4 0.00031752
      2 0.00031437
      6 0.00030171
      2 0.00029940
      2 0.00029862
      2 0.00029758
      2 0.00028355
      2 0.00027588
      2 0.00027050
      2 0.00027032
      2 0.00027010
      2 0.00026712
      2 0.00026400
      2 0.00026116
      2 0.00026110
      2 0.00025950
      2 0.00025800
      2 0.00025755
      2 0.00024950
      2 0.00024310
      2 0.00024180
      2 0.00023966
      2 0.00023919
      2 0.00023848
      2 0.00023760
      4 0.00023634
      2 0.00023534
      2 0.00023445
      2 0.00022936
      2 0.00022676
      2 0.00022656
      2 0.00022650
      2 0.00022506
      2 0.00022494
      2 0.00022479
      2 0.00022377
      2 0.00022300
      2 0.00022270
      2 0.00021900
      2 0.00021700
      2 0.00021604
      4 0.00021593
      2 0.00021509
      2 0.00021175
      2 0.00020947
      2 0.00020707
      6 0.00020700
      2 0.00020650
      2 0.00020647
      2 0.00020088
      2 0.00020000
      2 0.00019940
      2 0.00019810
      2 0.00019623
      2 0.00019551
      2 0.00019536
      2 0.00019527
      2 0.00019444
      2 0.00019363
      2 0.00019360
      2 0.00019272
      2 0.00019234
      2 0.00019111
      2 0.00019075
      2 0.00018924
      2 0.00018876
      8 0.00018700
      2 0.00018657
      2 0.00018620
      2 0.00018600
      2 0.00018590
      2 0.00018480
      2 0.00018460
      2 0.00018400
      2 0.00018354
      2 0.00018225
      2 0.00018165
      2 0.00017985
      2 0.00017950
      2 0.00017680
      2 0.00017628
      2 0.00017584
      2 0.00017528
      2 0.00017500
      2 0.00017446
      2 0.00017391
      2 0.00017160
      2 0.00017152
      2 0.00017150
      4 0.00017000
      2 0.00016906
      2 0.00016862
      4 0.00016850
      2 0.00016800
      2 0.00016575
      4 0.00016560
      2 0.00016458
      2 0.00016372
      2 0.00016368
      2 0.00016284
      2 0.00016270
      2 0.00016192
      2 0.00016116
      2 0.00016000
      2 0.00015957
      6 0.00015660
      4 0.00015657
      2 0.00015318
      2 0.00015235
      2 0.00015190
      2 0.00015189
      2 0.00015118
      4 0.00015117
      2 0.00015024
      2 0.00015001
      2 0.00015000
      2 0.00014969
      2 0.00014957
      2 0.00014868
      2 0.00014770
      2 0.00014630
      2 0.00014608
      2 0.00014556
      2 0.00014370
      2 0.00014309
      2 0.00014256
      2 0.00014219
      4 0.00014218
      2 0.00014210
      2 0.00014200
      2 0.00014070
      2 0.00014042
      2 0.00014016
      2 0.00013970
      2 0.00013937
      2 0.00013910
      2 0.00013900
      4 0.00013850
      2 0.00013797
      2 0.00013764
      2 0.00013527
      2 0.00013257
      2 0.00013230
      2 0.00012922
      2 0.00012920
      2 0.00012815
      2 0.00012811
     10 0.00012780
      6 0.00012702
      2 0.00012690
     20 0.00012628
      4 0.00012627
      2 0.00012596
      2 0.00012540
      2 0.00012485
     12 0.00012474
     78 0.00012320
      2 0.00012311
      2 0.00012300
      2 0.00012286
      2 0.00012238
      2 0.00012231
      2 0.00012228
      2 0.00012159
      2 0.00012141
      2 0.00012136
      2 0.00012130
      8 0.00012080
      4 0.00012012
      2 0.00011988
      2 0.00011907
      2 0.00011856
     34 0.00011840
      2 0.00011819
     48 0.00011760
      2 0.00011715
      4 0.00011704
     12 0.00011700
      2 0.00011663
      2 0.00011628
     36 0.00011550
      4 0.00011520
      2 0.00011476
      2 0.00011466
      2 0.00011444
      2 0.00011440
      2 0.00011424
      6 0.00011400
      4 0.00011394
      8 0.00011325
      2 0.00011319
      4 0.00011300
      4 0.00011280
      2 0.00011254
      2 0.00011250
      2 0.00011248
      8 0.00011242
      6 0.00011241
      2 0.00011209
      4 0.00011200
      2 0.00011196
      2 0.00011174
      2 0.00011114
     12 0.00011100
      2 0.00011088
      2 0.00011040
     24 0.00011025
      6 0.00011023
      4 0.00011020
      2 0.00011016
     14 0.00010934
      2 0.00010835
      2 0.00010787
     58 0.00010780
      2 0.00010778
      2 0.00010750
      2 0.00010708
      2 0.00010668
      2 0.00010664
     14 0.00010626
      2 0.00010600
      2 0.00010599
      6 0.00010584
      2 0.00010575
      2 0.00010574
     10 0.00010570
      2 0.00010564
      2 0.00010560
      2 0.00010545
      6 0.00010508
      6 0.00010500
      2 0.00010488
      6 0.00010472
      2 0.00010440
      2 0.00010425
     14 0.00010360
      2 0.00010318
      2 0.00010302
      2 0.00010292
    176 0.00010290
      2 0.00010281
      2 0.00010255
      2 0.00010244
     22 0.00010212
     28 0.00010200
      4 0.00010178
     26 0.00010164
      2 0.00010132
     34 0.00010125
      2 0.00010123
     14 0.00010117
      2 0.00010100
      2 0.00010080
      4 0.00010064
      2 0.00010044
     46 0.00010010
     10 0.00010000
     10 0.00009996
      6 0.00009966
      2 0.00009952
      2 0.00009940
      2 0.00009932
      2 0.00009900
      2 0.00009870
      4 0.00009840
      2 0.00009824
     12 0.00009815
      4 0.00009809
      8 0.00009768
     24 0.00009702
      2 0.00009696
      2 0.00009691
      2 0.00009676
      2 0.00009672
     28 0.00009661
      2 0.00009657
      4 0.00009653
      2 0.00009648
     20 0.00009620
      2 0.00009607
      2 0.00009600
      2 0.00009591
     52 0.00009588
     44 0.00009555
      2 0.00009550
     12 0.00009548
      4 0.00009513
      4 0.00009464
      2 0.00009452
      2 0.00009450
      4 0.00009408
      2 0.00009396
     12 0.00009394
      2 0.00009386
      2 0.00009362
     14 0.00009330
      2 0.00009324
      2 0.00009300
      2 0.00009293
      2 0.00009284
      6 0.00009261
      2 0.00009250
      2 0.00009246
     98 0.00009240
      4 0.00009228
      2 0.00009211
      2 0.00009200
      2 0.00009180
      2 0.00009176
      2 0.00009175
      2 0.00009150
      2 0.00009138
      2 0.00009133
      2 0.00009130
      2 0.00009120
      8 0.00009114
      4 0.00009108
      2 0.00009086
      2 0.00009078
      4 0.00009060
      2 0.00009050
      2 0.00009043
      2 0.00009006
      4 0.00009000
      4 0.00008998
      2 0.00008973
      2 0.00008968
      8 0.00008967
      4 0.00008958
      2 0.00008950
      2 0.00008932
      2 0.00008909
      2 0.00008900
     24 0.00008880
      2 0.00008874
      2 0.00008867
      2 0.00008850
      4 0.00008821
     38 0.00008820
      4 0.00008816
      4 0.00008808
      2 0.00008805
      2 0.00008802
      2 0.00008800
      6 0.00008792
      2 0.00008790
      4 0.00008760
      6 0.00008758
      2 0.00008721
      2 0.00008708
      2 0.00008703
      2 0.00008700
      2 0.00008694
      2 0.00008688
      4 0.00008680
      2 0.00008679
      6 0.00008673
      2 0.00008660
      4 0.00008644
      2 0.00008624
      4 0.00008607
      4 0.00008600
      2 0.00008576
      2 0.00008555
      2 0.00008550
      2 0.00008520
      4 0.00008512
      4 0.00008497
      4 0.00008470
      4 0.00008460
      4 0.00008456
      2 0.00008448
      2 0.00008415
      2 0.00008409
      2 0.00008404
      6 0.00008400
      4 0.00008391
      2 0.00008375
      2 0.00008370
      4 0.00008351
      2 0.00008332
      4 0.00008316
     16 0.00008305
      2 0.00008280
      4 0.00008262
      2 0.00008242
      2 0.00008232
      2 0.00008225
     16 0.00008204
      2 0.00008177
      4 0.00008160
     16 0.00008154
      2 0.00008145
      2 0.00008120
      2 0.00008086
      4 0.00008085
      4 0.00008077
      2 0.00008058
      4 0.00008054
      4 0.00008040
      2 0.00008003
      4 0.00007966
      2 0.00007965
      4 0.00007956
      4 0.00007955
      2 0.00007916
      2 0.00007911
      4 0.00007880
      2 0.00007869
      4 0.00007852
      2 0.00007831
      2 0.00007827
      2 0.00007800
      2 0.00007791
      6 0.00007775
      4 0.00007770
      6 0.00007765
      2 0.00007763
      4 0.00007728
      2 0.00007709
      2 0.00007701
     36 0.00007700
      4 0.00007699
      2 0.00007694
      2 0.00007686
      2 0.00007680
     10 0.00007650
      2 0.00007638
      6 0.00007618
      6 0.00007600
      2 0.00007577
      4 0.00007560
     16 0.00007550
      2 0.00007540
      4 0.00007538
      2 0.00007508
      2 0.00007503
      8 0.00007500
      2 0.00007497
      2 0.00007473
      6 0.00007472
      2 0.00007403
      2 0.00007400
      4 0.00007399
      2 0.00007396
      4 0.00007392
      2 0.00007380
      2 0.00007358
      8 0.00007350
      2 0.00007344
      8 0.00007338
      4 0.00007325
      2 0.00007310
      2 0.00007309
      2 0.00007300
      2 0.00007296
      4 0.00007280
      2 0.00007250
      4 0.00007248
      2 0.00007236
      2 0.00007227
     12 0.00007200
      2 0.00007156
      2 0.00007129
      2 0.00007104
      8 0.00007100
      2 0.00007073
      2 0.00007056
      8 0.00007050
      2 0.00007040
      2 0.00007035
      2 0.00007008
      2 0.00007000
      2 0.00006998
      2 0.00006988
      2 0.00006975
      2 0.00006956
      2 0.00006952
      4 0.00006936
      2 0.00006920
      2 0.00006909
      8 0.00006885
      2 0.00006881
      2 0.00006876
      2 0.00006874
      4 0.00006842
      2 0.00006813
     32 0.00006795
      2 0.00006787
      2 0.00006776
      2 0.00006768
      4 0.00006760
      2 0.00006750
      2 0.00006732
      4 0.00006699
      2 0.00006668
      2 0.00006660
      2 0.00006624
      2 0.00006615
      2 0.00006613
      2 0.00006580
      2 0.00006536
      2 0.00006531
      2 0.00006528
      2 0.00006500
      2 0.00006493
      2 0.00006486
      2 0.00006468
      2 0.00006458
      4 0.00006451
      2 0.00006450
      4 0.00006439
      4 0.00006438
      4 0.00006426
      2 0.00006390
      2 0.00006380
      2 0.00006376
      2 0.00006367
      2 0.00006355
      6 0.00006342
      4 0.00006327
      2 0.00006314
      4 0.00006300
      2 0.00006273
     12 0.00006255
      2 0.00006250
      2 0.00006220
     10 0.00006216
      6 0.00006191
      2 0.00006188
     44 0.00006177
     20 0.00006163
      4 0.00006160
      2 0.00006138
      2 0.00006120
      4 0.00006105
      2 0.00006099
      2 0.00006049
      2 0.00006037
      2 0.00006014
      2 0.00006006
      2 0.00006004
      4 0.00006001
     12 0.00006000
      2 0.00005997
      2 0.00005994
      2 0.00005992
      2 0.00005986
      4 0.00005967
      2 0.00005960
      2 0.00005918
      4 0.00005909
      4 0.00005883
      2 0.00005882
      2 0.00005881
      2 0.00005876
      2 0.00005861
      2 0.00005814
      2 0.00005772
      2 0.00005747
      2 0.00005693
      6 0.00005661
     14 0.00005650
      2 0.00005643
      2 0.00005625
      2 0.00005600
      2 0.00005598
      2 0.00005589
      2 0.00005580
     10 0.00005550
      6 0.00005544
      2 0.00005526
      8 0.00005500
      2 0.00005486
      2 0.00005461
      2 0.00005443
      2 0.00005390
      2 0.00005389
      2 0.00005358
      2 0.00005329
      2 0.00005328
      2 0.00005320
      2 0.00005304
      4 0.00005285
      2 0.00005281
      2 0.00005228
      2 0.00005217
      4 0.00005206
      2 0.00005202
      2 0.00005175
      2 0.00005152
      2 0.00005100
      2 0.00005026
      2 0.00005025
     12 0.00005000
      2 0.00004972
      2 0.00004970
      2 0.00004950
      2 0.00004928
      2 0.00004920
      2 0.00004758
      2 0.00004736
      2 0.00004728
      2 0.00004704
      2 0.00004686
      2 0.00004681
      2 0.00004653
      2 0.00004651
      2 0.00004633
      2 0.00004620
      2 0.00004584
      2 0.00004540
      2 0.00004520
      2 0.00004440
      2 0.00004305
      2 0.00004260
      2 0.00004250
      4 0.00004230
      2 0.00004200
      2 0.00004029
      2 0.00004011
      6 0.00004004
      4 0.00003978
      2 0.00003822
     24 0.00003775
      4 0.00003624
      2 0.00003600
      2 0.00003577
      2 0.00003440
      2 0.00003266
      2 0.00003110
      2 0.00003080
      2 0.00001694
